NOAA 15                 
1 25338U 98030A   23250.02006289  .00000228  00000+0  11285-3 0  9991
2 25338  98.6020 277.6625 0011471  77.1035 283.1426 14.26384050316920
TERRA                   
1 25994U 99068A   23250.07418036  .00000616  00000+0  13983-3 0  9991
2 25994  98.0879 316.4122 0002538 140.2933 333.2494 14.59299255261728
AQUA                    
1 27424U 02022A   23250.13008525  .00001176  00000+0  26447-3 0  9991
2 27424  98.2914 194.2889 0000836  61.6702 308.1450 14.58291587135307
NOAA 18                 
1 28654U 05018A   23250.06653895  .00000275  00000+0  17117-3 0  9996
2 28654  98.9045 324.0441 0014994 145.3419 214.8732 14.13000306943139
NOAA 19                 
1 33591U 09005A   23250.12135705  .00000233  00000+0  14993-3 0  9997
2 33591  99.0927 297.3310 0014002  16.7634 343.3998 14.12815904751511
SUOMI NPP               
1 37849U 11061A   23250.08599723  .00000121  00000+0  77789-4 0  9990
2 37849  98.7068 187.4210 0001479  69.3749  58.2496 14.19562956614556
METEOSAT-10 (MSG-3)     
1 38552U 12035B   23249.70649038 -.00000019  00000+0  00000+0 0  9990
2 38552   2.3403  57.3945 0000328  51.3437 131.1369  1.00264901 40681
METOP-B                 
1 38771U 12049A   23250.09272300  .00000146  00000+0  86524-4 0  9996
2 38771  98.6713 308.0698 0001316 104.4638 285.4256 14.21510393569183
LANDSAT 8               
1 39084U 13008A   23250.11968670  .00000522  00000+0  12589-3 0  9992
2 39084  98.2199 319.0231 0001232  91.9582 268.1757 14.57095948562040
METEOR-M 2              
1 40069U 14037A   23250.03191950  .00000056  00000+0  45082-4 0  9997
2 40069  98.4270 252.2146 0006969 101.8866 258.3093 14.20808861475276
HIMAWARI-8              
1 40267U 14060A   23249.90327029 -.00000287  00000+0  00000+0 0  9998
2 40267   0.0245 253.0143 0000802 288.5229 270.0065  1.00271259 32581
SENTINEL-2A             
1 40697U 15028A   23250.11666597  .00000137  00000+0  68864-4 0  9991
2 40697  98.5645 323.4628 0001211 102.9049 257.2269 14.30818764428721
METEOSAT-11 (MSG-4)     
1 40732U 15034A   23249.70840487  .00000053  00000+0  00000+0 0  9993
2 40732   0.7375  53.1532 0000383 347.3390 209.4830  1.00278590 29843
SENTINEL-3A             
1 41335U 16011A   23250.06828520  .00000153  00000+0  81283-4 0  9992
2 41335  98.6311 315.9205 0001053 107.2124 252.9172 14.26732850393457
GOES 16                 
1 41866U 16071A   23249.54818765 -.00000259  00000+0  00000+0 0  9999
2 41866   0.0803 283.3541 0000776 306.7994 237.3542  1.00271446 24931
SENTINEL-2B             
1 42063U 17013A   23250.08168817  .00000171  00000+0  81945-4 0  9997
2 42063  98.5638 323.4267 0001177  99.0947 261.0369 14.30820122339631
KANOPUS-V-IK            
1 42825U 17042A   23250.06532191  .00003603  00000+0  16133-3 0  9992
2 42825  97.4061 157.0387 0002021  84.6522 275.4945 15.21896550341054
FENGYUN 3D              
1 43010U 17072A   23250.05856365  .00000145  00000+0  90697-4 0  9999
2 43010  98.8673 198.7213 0002635  75.0930 285.0537 14.19199872301119
NOAA 20                 
1 43013U 17073A   23250.09609662  .00000122  00000+0  78705-4 0  9994
2 43013  98.7147 187.2693 0000758  98.5251 261.6011 14.19560572300599
GOES 17                 
1 43226U 18022A   23250.04394962 -.00000102  00000+0  00000+0 0  9991
2 43226   0.0144 285.2906 0001987 241.9964  89.6927  1.00272045 20262
SENTINEL-3B             
1 43437U 18039A   23249.90098939  .00000181  00000+0  92678-4 0  9994
2 43437  98.6211 315.8400 0001128  79.1999 280.9309 14.26738254279491
METOP-C                 
1 43689U 18087A   23250.12389885  .00000146  00000+0  86786-4 0  9999
2 43689  98.6759 308.2790 0002808 164.4816 195.6448 14.21513218250768
METEOR-M2 2             
1 44387U 19038A   23250.11154180  .00000072  00000+0  50973-4 0  9996
2 44387  98.7840 213.8805 0002412  73.1124 287.0319 14.23802894216963
LANDSAT 9               
1 49260U 21088A   23250.08538683  .00000485  00000+0  11782-3 0  9991
2 49260  98.2236 318.9742 0001436  96.9902 263.1460 14.57098856103319
