BEIJING 1               
1 28890U 05043A   23250.08669518  .00000508  00000+0  11098-3 0  9998
2 28890  98.1683  10.6864 0014386 211.6797 148.3539 14.61895150952384
HJ-1A                   
1 33320U 08041A   23250.05688109  .00000933  00000+0  13377-3 0  9991
2 33320  97.6434 266.2914 0019815 214.4010 145.5920 14.78623757808352
HJ-1B                   
1 33321U 08041B   23250.08653313  .00001104  00000+0  15376-3 0  9996
2 33321  97.6442 270.7213 0037441 263.4863  96.2086 14.79222108808361
YAOGAN 4                
1 33446U 08061A   23249.90555363  .00001540  00000+0  21706-3 0  9999
2 33446  97.8529 182.8643 0016978 124.4330 235.8489 14.78560275795535
DEIMOS-1                
1 35681U 09041A   23250.04018651  .00000699  00000+0  11696-3 0  9993
2 35681  97.6829  82.3486 0001080 156.0138 204.1121 14.72656748757482
UK-DMC 2                
1 35683U 09041C   23250.01623521  .00001136  00000+0  18693-3 0  9991
2 35683  97.7441  45.2593 0001058  88.3065 271.8264 14.72332183757183
RISAT 1                 
1 38248U 12017A   23250.05204214  .00008459  00000+0  42593-3 0  9997
2 38248  97.5419 262.6671 0004909 135.1799 224.9831 15.17433937626421
DMC3-FM1                
1 40715U 15032A   23250.09330421  .00000820  00000+0  10749-3 0  9995
2 40715  97.7871 131.8048 0006904 131.6258 228.5548 14.82894069439469
DMC3-FM2                
1 40716U 15032B   23250.04736945  .00000855  00000+0  11188-3 0  9998
2 40716  97.7919 132.6528 0008577 137.0813 223.1071 14.82882769439455
DMC3-FM3                
1 40717U 15032C   23250.00417538  .00000855  00000+0  11181-3 0  9992
2 40717  97.7960 133.7258 0010229 136.6071 223.5950 14.82909681439455
