SAUDISAT 1C             
1 27607U 02058C   23250.06840013  .00002253  00000+0  32490-3 0  9993
2 27607  64.5574  13.8525 0060462 207.5143 152.2757 14.77569000114531
SAUDISAT 2              
1 28371U 04025F   23249.74004626  .00000442  00000+0  11314-3 0  9993
2 28371  98.4408 214.1474 0025522 170.0639 190.1068 14.55023651 18131
SAUDISAT 3              
1 31118U 07012B   23250.11524353  .00000474  00000+0  87597-4 0  9994
2 31118  98.0178 192.8951 0014225 209.5504 150.4900 14.69778035878757
PISAT                   
1 41784U 16059B   23249.89314236  .00001125  00000+0  21770-3 0  9999
2 41784  97.8653 279.6773 0030876 193.4350 166.6035 14.64895056371022
FLYING LAPTOP           
1 42831U 17042G   23250.04328502  .00001517  00000+0  14945-3 0  9997
2 42831  97.3892  82.8572 0012340 317.1941  42.8318 14.93364368334706
SALSAT                  
1 46495U 20068K   23249.66382452  .00004899  00000+0  31738-3 0  9994
2 46495  97.7755 198.5974 0014571 195.8803 164.1970 15.08530047161352
