COSMOS 2433 (720)       
1 32275U 07052A   23248.90950679 -.00000095  00000+0  00000+0 0  9990
2 32275  66.0215 349.8832 0003783 219.2518 140.7494  2.13104143123427
COSMOS 2432 (719)       
1 32276U 07052B   23249.41119003 -.00000097  00000+0  00000+0 0  9998
2 32276  66.0357 349.9752 0008226 319.8073  12.1249  2.13103259123457
COSMOS 2434 (721)       
1 32393U 07065A   23248.34045190  .00000065  00000+0  00000+0 0  9992
2 32393  64.3371 226.2713 0000214  85.1054  89.5111  2.13103073122122
COSMOS 2436 (723)       
1 32395U 07065C   23248.63650684  .00000067  00000+0  00000+0 0  9998
2 32395  64.3458 226.3229 0015743 352.6357 184.6221  2.13102776122087
COSMOS 2456 (730)       
1 36111U 09070A   23249.09355035 -.00000012  00000+0  00000+0 0  9990
2 36111  64.4908 105.7458 0002127 334.7146 216.8154  2.13099232106796
COSMOS 2457 (733)       
1 36112U 09070B   23249.38746932 -.00000012  00000+0  00000+0 0  9993
2 36112  64.4749 105.6011 0005735 147.4183  40.3948  2.13101398106802
COSMOS 2460 (732)       
1 36402U 10007C   23249.17919147 -.00000096  00000+0  00000+0 0  9996
2 36402  65.8838 348.5894 0001507 175.4795 200.9666  2.13106302105101
COSMOS 2476 (744)       
1 37867U 11064A   23249.94954016 -.00000011  00000+0  00000+0 0  9992
2 37867  64.7709 107.2447 0021212 232.3396 165.2017  2.13101781 92206
COSMOS 2477 (745)       
1 37868U 11064B   23248.49812836 -.00000011  00000+0  00000+0 0  9995
2 37868  64.7774 107.3635 0018436 232.8420 309.1123  2.13101649 92116
COSMOS 2475 (743)       
1 37869U 11064C   23249.91487801 -.00000011  00000+0  00000+0 0  9994
2 37869  64.7851 107.3277 0022581 250.9328 256.3822  2.13102050 92160
COSMOS 2485 (747)       
1 39155U 13019A   23248.90407942 -.00000012  00000+0  00000+0 0  9993
2 39155  64.9306 107.8041 0021727 228.3248 131.5676  2.13101970 80643
COSMOS 2492 (754)       
1 39620U 14012A   23249.32879382 -.00000097  00000+0  00000+0 0  9995
2 39620  65.7673 348.2026 0011371 316.3258  43.6145  2.13103151 73619
COSMOS 2500 (755)       
1 40001U 14032A   23249.51205576 -.00000097  00000+0  00000+0 0  9991
2 40001  65.7055 348.0237 0008044 198.3201 161.6813  2.13105985 71831
COSMOS 2501 (702K)      
1 40315U 14075A   23249.29271905  .00000066  00000+0  00000+0 0  9995
2 40315  63.6404 225.5913 0019975 211.3441 148.5284  2.13101337 68223
COSMOS 2514 (751)       
1 41330U 16008A   23249.27405360 -.00000097  00000+0  00000+0 0  9998
2 41330  65.5028 347.6126 0011762 207.3397 152.6294  2.13102583 58991
COSMOS 2516 (753)       
1 41554U 16032A   23247.51170507  .00000060  00000+0  00000+0 0  9999
2 41554  63.8671 226.0542 0015487 214.6526 145.2336  2.13106404 56561
COSMOS 2522 (752)       
1 42939U 17055A   23249.58507750  .00000067  00000+0  00000+0 0  9993
2 42939  64.1009 226.5084 0009773 243.3725 116.5204  2.13101980 46350
COSMOS 2527 (756)       
1 43508U 18053A   23250.01306267 -.00000010  00000+0  00000+0 0  9994
2 43508  65.0925 107.8599 0007339 218.8163 141.2094  2.13102476 40662
COSMOS 2529 (757)       
1 43687U 18086A   23248.70454425  .00000067  00000+0  00000+0 0  9992
2 43687  64.3163 226.9744 0011450 262.2929  97.5684  2.13102057 37640
COSMOS 2534 (758)       
1 44299U 19030A   23249.13626201  .00000068  00000+0  00000+0 0  9994
2 44299  64.3889 226.8862 0013590 281.1428 184.2006  2.13101953 33299
COSMOS 2544 (759)       
1 44850U 19088A   23249.48753455 -.00000012  00000+0  00000+0 0  9990
2 44850  65.0782 107.7204 0011339 252.0990 107.8556  2.13102219 29077
COSMOS 2545 (760)       
1 45358U 20018A   23249.21504619 -.00000097  00000+0  00000+0 0  9999
2 45358  64.8430 347.8581 0009983 237.2725 122.6620  2.13102591 27030
COSMOS 2547 (705K)      
1 46805U 20075A   23248.93477212  .00000068  00000+0  00000+0 0  9993
2 46805  64.6162 226.4496 0008556 244.0365 115.8671  2.13102898 22277
COSMOS 2557 (706K)      
1 52984U 22075A   23248.15880869 -.00000093  00000+0  00000+0 0  9999
2 52984  64.7600 350.0538 0011834 275.6108  84.2831  2.13102272  9064
COSMOS 2559 (707K)      
1 54031U 22130A   23248.57004703 -.00000095  00000+0  00000+0 0  9999
2 54031  64.7311 350.1671 0007121 216.9290 143.0504  2.13101500  7041
COSMOS 2564 (761)       
1 54377U 22161A   23249.70170816  .00000068  00000+0  00000+0 0  9990
2 54377  64.7569 226.4773 0010879 226.4038 133.4994  2.13102151  6012
