HST                     
1 20580U 90037B   23249.96709934  .00004925  00000+0  25454-3 0  9993
2 20580  28.4692  83.5779 0002234 175.2250 305.4563 15.13943826634124
POLAR                   
1 23802U 96013A   23248.93975458  .00000273  00000+0  00000+0 0  9993
2 23802  78.9418 237.3391 5778038 243.5598  47.1802  1.29847391131670
SWAS                    
1 25560U 98071A   23249.85391311  .00002796  00000+0  24751-3 0  9999
2 25560  69.8988 299.4367 0007850 342.6844  17.4045 14.97456258344787
CXO                     
1 25867U 99040B   23252.57356431  .00000900  00000+0  00000+0 0  9995
2 25867  37.3289 186.0088 9052576 271.3107   0.3891  0.37811604 13496
XMM-NEWTON              
1 25989U 99066A   23252.23886579  .00000109  00000+0  00000+0 0  9993
2 25989  68.8058 297.1210 5449948  81.2542   0.0182  0.50134887 32290
TERRA                   
1 25994U 99068A   23250.07418036  .00000616  00000+0  13983-3 0  9991
2 25994  98.0879 316.4122 0002538 140.2933 333.2494 14.59299255261728
CLUSTER II-FM7 (SAMBA)  
1 26410U 00041A   23251.65226702 -.00000231  00000+0  00000+0 0  9996
2 26410 136.7880 353.1540 6744893 207.4295 359.9817  0.44221807 27558
CLUSTER II-FM6 (SALSA)  
1 26411U 00041B   23251.63733585  .00000605  00000+0  00000+0 0  9991
2 26411 142.5198   3.8132 8418351 217.7349 359.9956  0.44223196 15852
CLUSTER II-FM5 (RUMBA)  
1 26463U 00045A   23251.65346240  .00000536  00000+0  00000+0 0  9995
2 26463 145.4242   3.2000 7915638 217.9360   0.0466  0.44221779 15724
CLUSTER II-FM8 (TANGO)  
1 26464U 00045B   23244.86516758  .00000004  00000+0  00000+0 0  9994
2 26464 136.7165 353.0239 6724927 207.2675 359.6176  0.44214919 15775
ODIN                    
1 26702U 01007A   23249.46921869  .00006434  00000+0  33949-3 0  9997
2 26702  97.5021 262.1044 0008860 179.0115 181.1137 15.15855700233689
TIMED                   
1 26998U 01055B   23249.89841705  .00001373  00000+0  14623-3 0  9999
2 26998  74.0704 109.4140 0002313 238.9357 121.1598 14.90016325179604
INTEGRAL                
1 27540U 02048A   23249.47003816 -.00000450  00000+0  00000+0 0  9999
2 27540  85.4268  34.6085 8737161 289.6618  22.9761  0.37580346 22818
CORIOLIS                
1 27640U 03001A   23249.64840322  .00000154  00000+0  93995-4 0  9990
2 27640  98.7169 256.4379 0013051 252.8610 107.1137 14.19299654 70277
SORCE                   
1 27651U 03004A   23249.69388651  .00003114  00000+0  31049-3 0  9992
2 27651  39.9929 241.5981 0019100  15.3792 344.7575 14.92515485119697
MOST                    
1 27843U 03031D   23249.00453069  .00000098  00000+0  65777-4 0  9990
2 27843  98.7092 255.0976 0009045 306.9621  53.0727 14.20827501 46521
SCISAT 1                
1 27858U 03036A   23249.39222911  .00000991  00000+0  14091-3 0  9997
2 27858  73.9342  23.1333 0008574 312.6843  47.3608 14.78376663 81318
SWIFT                   
1 28485U 04047A   23249.76686842  .00008286  00000+0  44009-3 0  9992
2 28485  20.5573  45.7518 0008885 218.0892 141.8915 15.12073321 30973
CLOUDSAT                
1 29107U 06016A   23249.90755875  .00000575  00000+0  11850-3 0  9992
2 29107  98.3826 221.1137 0003238  16.0133 344.1171 14.64291192924335
CALIPSO                 
1 29108U 06016B   23249.90529337  .00001710  00000+0  33295-3 0  9994
2 29108  98.3831 220.6094 0001499  83.4552 276.6821 14.64385147924322
HINODE (SOLAR-B)        
1 29479U 06041A   23249.79986779  .00000891  00000+0  17260-3 0  9990
2 29479  98.1053 264.0691 0016750 258.0794 101.8532 14.65647306906110
SJ-6C                   
1 29505U 06046A   23250.03111655  .00004792  00000+0  39412-3 0  9994
2 29505  97.7509 273.2501 0007414  67.5282 292.6726 14.99585371919528
SJ-6D                   
1 29506U 06046B   23250.07445062  .00002609  00000+0  23981-3 0  9990
2 29506  97.7677 272.5871 0002937 136.8573 223.2879 14.95658322918841
AGILE                   
1 31135U 07013A   23249.28581308  .00048891  00000+0  55887-3 0  9994
2 31135   2.4675 273.1392 0005337 357.1451   2.8573 15.59836995546077
FGRST (GLAST)           
1 33053U 08029A   23249.55174501  .00003352  00000+0  16076-3 0  9996
2 33053  25.5840   0.5626 0010950 319.8576  40.1151 15.14521774841342
WISE                    
1 36119U 09071A   23249.11686549  .00016401  00000+0  35260-3 0  9997
2 36119  97.1891 281.0382 0003717 116.7013 243.4616 15.44726814764003
SDO                     
1 36395U 10005A   23249.11286226 -.00000087  00000+0  00000+0 0  9994
2 36395  32.5353 102.0753 0001365 197.3359 344.2258  1.00275499 49883
CRYOSAT 2               
1 36508U 10013A   23249.92348353  .00000283  00000+0  69521-4 0  9993
2 36508  92.0259  32.1129 0004750 140.2286 219.9270 14.51901980710914
X-SAT                   
1 37389U 11015C   23250.03088056  .00000116  00000+0  67579-4 0  9995
2 37389  98.3014 264.6459 0015455  82.5972 277.6964 14.24561103643782
GCOM-W1 (SHIZUKU)       
1 38337U 12025A   23250.11728012  .00000848  00000+0  19829-3 0  9999
2 38337  98.2044 189.1705 0001460  75.7804 294.3350 14.57090961601359
NUSTAR                  
1 38358U 12031A   23248.94406083  .00004698  00000+0  37396-3 0  9994
2 38358   6.0283 355.3030 0011552 301.8768  58.0237 14.92620928611448
NEOSSAT                 
1 39089U 13009D   23249.77754647  .00000250  00000+0  10302-3 0  9994
2 39089  98.4093  79.6131 0011903  34.4952 325.7004 14.34922649551211
BRITE-AUSTRIA           
1 39091U 13009F   23249.76179516  .00000242  00000+0  98840-4 0  9997
2 39091  98.3909  80.1230 0011072  33.8022 326.3868 14.35538371551451
IRIS                    
1 39197U 13033A   23249.78406731  .00001323  00000+0  17833-3 0  9998
2 39197  97.9707  77.1154 0027437  26.5835 333.6777 14.80595216549989
HISAKI (SPRINT-A)       
1 39253U 13049A   23249.91666429  .00000053  00000+0 -12546-4 0  9992
2 39253  29.7208 335.8214 0137122  75.0921 286.4791 13.55339682493714
CASSIOPE                
1 39265U 13055A   23249.87215411  .00030102  00000+0  70937-3 0  9992
2 39265  80.9598 148.6052 0560433  60.5211 305.0684 14.54419358516842
STSAT-3                 
1 39422U 13066G   23250.05266056  .00002368  00000+0  23442-3 0  9994
2 39422  97.4922 237.2335 0020232 227.9035 132.0465 14.92615684532408
SWARM B                 
1 39451U 13067A   23249.88890890  .00003574  00000+0  14795-3 0  9996
2 39451  87.7440 287.4914 0003323  90.9743 269.1885 15.23611685528824
SWARM A                 
1 39452U 13067B   23249.91125690  .00005701  00000+0  20845-3 0  9997
2 39452  87.3414  64.9376 0003186  89.4902 270.6712 15.27858129550291
SWARM C                 
1 39453U 13067C   23249.91116724  .00005679  00000+0  20765-3 0  9991
2 39453  87.3414  63.5347 0003169  89.7342 270.4270 15.27856815550250
BRITE-CA1 (TORONTO)     
1 40020U 14033L   23249.39936955  .00001159  00000+0  19952-3 0  9990
2 40020  97.8374  32.5309 0083741 281.2704  77.9100 14.68184463493178
OCO 2                   
1 40059U 14035A   23250.11205125  .00000741  00000+0  17452-3 0  9993
2 40059  98.2042 189.9038 0001463  79.2820 280.8543 14.57106106488387
BRITE-PL2 (HEWELIUSZ)   
1 40119U 14049B   23249.74504814  .00002465  00000+0  28125-3 0  9993
2 40119  97.8821 346.2137 0015846 216.1205 143.8942 14.86935641490280
RESURS P2               
1 40360U 14087A   23250.07546736  .00013535  00000+0  28130-3 0  9996
2 40360  97.1768 332.6215 0006018 267.7558  92.3003 15.45756461487000
MMS 1                   
1 40482U 15011A   23249.00001157 -.00002788  00000+0  00000+0 0  9994
2 40482  31.5213  46.8978 9202882 113.4173 103.3144  0.28593900 14566
MMS 2                   
1 40483U 15011B   23249.00001157 -.00002789  00000+0  00000+0 0  9996
2 40483  31.5232  46.8935 9204481 113.4302 103.2855  0.28593942 14544
MMS 3                   
1 40484U 15011C   23249.00001157 -.00002787  00000+0  00000+0 0  9995
2 40484  31.5249  46.9002 9202580 113.4284 103.2715  0.28593897 14540
MMS 4                   
1 40485U 15011D   23249.00001157 -.00002788  00000+0  00000+0 0  9997
2 40485  31.5123  46.8953 9203069 113.4303 103.2814  0.28593918 14545
ASTROSAT                
1 40930U 15052A   23249.83919680  .00002144  00000+0  20390-3 0  9990
2 40930   5.9957 232.3990 0008546 355.7567   4.2488 14.77795230429312
DAMPE                   
1 41173U 15078A   23250.02689241  .00001753  00000+0  71208-4 0  9998
2 41173  97.4114 240.3697 0014931  68.9778 291.3056 15.25820945429639
PISAT                   
1 41784U 16059B   23249.89314236  .00001125  00000+0  21770-3 0  9999
2 41784  97.8653 279.6773 0030876 193.4350 166.6035 14.64895056371022
HXMT (HUIYAN)           
1 42758U 17034A   23249.92493757  .00007295  00000+0  41971-3 0  9994
2 42758  43.0161  48.1246 0004490 187.2265 172.8517 15.12858694343747
FLYING LAPTOP           
1 42831U 17042G   23250.04328502  .00001517  00000+0  14945-3 0  9997
2 42831  97.3892  82.8572 0012340 317.1941  42.8318 14.93364368334706
PICSAT                  
1 43132U 18004X   23249.19732174  .00306894  00000+0  15332-2 0  9995
2 43132  97.3133 335.8752 0005464 227.6185 132.4621 15.81003693315233
ZHANGZHENG-1 (CSES)     
1 43194U 18015C   23250.04947207  .00012618  00000+0  57435-3 0  9995
2 43194  97.5764  26.6286 0006693  70.9276 289.2684 15.20823465310500
SALSAT                  
1 46495U 20068K   23249.66382452  .00004899  00000+0  31738-3 0  9994
2 46495  97.7755 198.5974 0014571 195.8803 164.1970 15.08530047161352
IXPE                    
1 49954U 21121A   23249.86909104  .00005135  00000+0  39021-3 0  9996
2 49954   0.2316 337.6437 0010398  28.5599 353.8097 14.94617697 95257
