2023-116A               
1 57519U 23116A   23250.08630790  .00012276  00000+0  50549-3 0  9998
2 57519  97.3966 255.9432 0013962 152.0269 208.1721 15.24169819  4444
2023-116B               
1 57520U 23116B   23249.52184400  .00141642  00000+0  41015-2 0  9996
2 57520  97.3808 255.6450 0022951 196.9028 325.6994 15.34755595  4378
STARLINK-30259          
1 57521U 23115A   23250.16667824 -.02113264  00000+0 -93758-1 0  9997
2 57521  42.9992 295.9632 0001800 252.8302  93.0634 15.24541705  5828
STARLINK-30256          
1 57522U 23115B   23249.91667824 -.02105387  00000+0 -65017-1 0  9993
2 57522  43.0000 297.0067 0000815 271.3015 290.3773 15.36110359  5622
STARLINK-30261          
1 57523U 23115C   23249.91667824 -.02110207  00000+0 -64215-1 0  9990
2 57523  42.9999 296.9942 0001343 265.2540 301.5342 15.36566039  5784
STARLINK-30260          
1 57524U 23115D   23249.91667824 -.01910041  00000+0 -92909-1 0  9995
2 57524  42.9995 297.5754 0001448 239.8932  86.0126 15.21105976  5561
STARLINK-30253          
1 57525U 23115E   23249.91667824 -.02111205  00000+0 -68480-1 0  9999
2 57525  42.9997 297.0404 0001276 260.5126 287.1964 15.34595272  5724
STARLINK-30257          
1 57526U 23115F   23250.16667824  .00035455  00000+0  18252-2 0  9990
2 57526  43.0001 296.5501 0001683 254.7058 207.0332 15.15814922  5664
STARLINK-30250          
1 57527U 23115G   23249.91667824 -.02091744  00000+0 -83674-1 0  9998
2 57527  42.9994 297.2651 0001527 307.3669 147.2756 15.27900313  5666
STARLINK-30269          
1 57528U 23115H   23250.16667824 -.00272203  00000+0 -14386-1 0  9991
2 57528  43.0000 296.3721 0001774 248.3670 287.6789 15.16120583  5829
STARLINK-30266          
1 57529U 23115J   23249.91667824 -.02100257  00000+0 -72475-1 0  9997
2 57529  42.9995 297.0947 0001215 267.1214 258.1290 15.32640392  5825
STARLINK-30270          
1 57530U 23115K   23249.91667824 -.02091908  00000+0 -93006-1 0  9994
2 57530  42.9994 297.4071 0001572 283.3703 112.2816 15.24436316  5887
STARLINK-30268          
1 57531U 23115L   23249.91667824 -.02090163  00000+0 -95428-1 0  9997
2 57531  42.9994 297.4533 0001597 274.1841 102.2266 15.23551415  5727
STARLINK-30251          
1 57532U 23115M   23250.16667824  .00031009  00000+0  15949-2 0  9998
2 57532  43.0002 296.4319 0001630 281.1242 229.9608 15.15900909  5827
STARLINK-30254          
1 57533U 23115N   23249.99381373  .00109419  00000+0  18885-2 0  9993
2 57533  42.9989 296.3420 0001469 296.2227  63.8481 15.49921089  5645
STARLINK-30264          
1 57534U 23115P   23250.16667824 -.02139166  00000+0 -70252-1 0  9994
2 57534  42.9996 295.5818 0001257 277.9911 225.8938 15.34254785  5932
STARLINK-30262          
1 57535U 23115Q   23249.91667824 -.02089564  00000+0 -80424-1 0  9994
2 57535  42.9995 297.2046 0001261 311.4447 168.0817 15.29145372  5824
2023-116C               
1 57536U 23116C   23239.10995707  .00014125  00000+0  38738-3 0  9990
2 57536  97.1241 244.4392 0041678 337.3307  51.5343 15.36485580  2796
CZ-2D DEB               
1 57571U 23116D   23249.82993864  .00057150  00000+0  29479-2 0  9997
2 57571  97.1971 254.3761 0110638 124.3754 236.8001 15.10888878  4305
CZ-2D DEB               
1 57572U 23116E   23249.77731952  .00068739  00000+0  32897-2 0  9993
2 57572  97.6315 255.9880 0104639 129.7548 231.2960 15.13913688  4287
2023-117A               
1 57580U 23117A   23250.08815722  .00013200  00000+0  78028-3 0  9997
2 57580  97.5207 321.5229 0012740 190.6181 169.4782 15.11535393  4222
2023-117B               
1 57581U 23117B   23250.08801955  .00013269  00000+0  78415-3 0  9996
2 57581  97.5201 321.5207 0012515 191.1112 168.9844 15.11544882  4218
2023-117C               
1 57582U 23117C   23250.09039473  .00005879  00000+0  35269-3 0  9994
2 57582  97.5209 321.5205 0011790 190.6387 169.4596 15.11262024  4212
2023-117D               
1 57583U 23117D   23250.08774807  .00012619  00000+0  74570-3 0  9999
2 57583  97.5193 321.5183 0012810 190.9771 169.1182 15.11557736  4208
2023-117E               
1 57584U 23117E   23250.08745365  .00012469  00000+0  73668-3 0  9997
2 57584  97.5214 321.5263 0012325 192.0167 168.0770 15.11573399  4209
2023-117F               
1 57585U 23117F   23250.08833315  .00007314  00000+0  43606-3 0  9993
2 57585  97.5213 321.5242 0012410 192.1596 167.9336 15.11400644  4206
2023-117G               
1 57586U 23117G   23250.07497158  .00013207  00000+0  76430-3 0  9993
2 57586  97.5212 321.5407 0014558 200.9206 159.1431 15.12281412  4200
FREGAT R/B              
1 57601U 23118B   23222.96594907 -.00003587  11340-4  00000+0 0  9990
2 57601  51.7305 342.6953 0010000  91.5786   0.0000 16.00180150    03
STARLINK-30166          
1 57602U 23119A   23249.91667824 -.02115680  00000+0 -68001-1 0  9999
2 57602  43.0003  14.3696 0001760 264.8748 154.7328 15.34882487  5458
STARLINK-30223          
1 57603U 23119B   23250.16667824 -.02102693  00000+0 -62918-1 0  9990
2 57603  43.0007  12.8496 0001903 218.1787 181.5310 15.37065808  5483
STARLINK-30218          
1 57604U 23119C   23250.16667824 -.02072119  00000+0 -64094-1 0  9997
2 57604  43.0005  12.8734 0001071 223.8376 166.0745 15.36005419  5481
STARLINK-30138          
1 57605U 23119D   23250.16667824 -.02089961  00000+0 -63444-1 0  9999
2 57605  43.0008  12.8630 0001666 250.0524 144.7254 15.36606340  5485
STARLINK-30255          
1 57606U 23119E   23250.16667824 -.02096004  00000+0 -61794-1 0  9992
2 57606  43.0008  12.8388 0000947 254.5704 149.9044 15.37516552  5486
STARLINK-30252          
1 57607U 23119F   23249.91667824 -.02721151  00000+0 -75672-1 0  9992
2 57607  43.0004  14.2640 0000794 253.0922 209.5645 15.39627191  5479
STARLINK-30258          
1 57608U 23119G   23250.16667824 -.02105574  00000+0 -60265-1 0  9999
2 57608  43.0009  12.8168 0001523 233.9903 179.5274 15.38427942  5487
STARLINK-30174          
1 57609U 23119H   23250.16667824 -.02058545  00000+0 -58000-1 0  9999
2 57609  43.0008  12.7952 0001201 233.1643 189.3198 15.39401537  5480
STARLINK-30248          
1 57610U 23119J   23250.16667824 -.02062533  00000+0 -59149-1 0  9998
2 57610  43.0008  12.8067 0001083 242.5066 175.2891 15.38877033  5437
STARLINK-30052          
1 57611U 23119K   23248.58334491 -.02088448  00000+0 -45376-1 0  9993
2 57611  43.0003  21.9485 0000650 257.6217   0.5504 15.47076609  5231
STARLINK-30245          
1 57612U 23119L   23250.16667824 -.02063212  00000+0 -56411-1 0  9994
2 57612  43.0007  12.7765 0001191 258.9368 171.2319 15.40311662  5488
STARLINK-30041          
1 57613U 23119M   23250.16667824 -.01860384  00000+0 -49783-1 0  9993
2 57613  43.0005  12.7684 0001913 253.0296 180.8617 15.40578328  5486
STARLINK-30244          
1 57614U 23119N   23250.16667824 -.02055581  00000+0 -54501-1 0  9994
2 57614  43.0007  12.7595 0001615 248.8495 188.3589 15.41210288  5482
STARLINK-30246          
1 57615U 23119P   23250.16667824 -.02068149  00000+0 -41033-1 0  9995
2 57615  43.0009  12.4602 0001084 251.5487 308.5480 15.49606357  5483
STARLINK-30075          
1 57616U 23119Q   23250.16667824 -.02427250  00000+0 -84961-1 0  9995
2 57616  43.0002  12.9895 0001792 265.2607  77.5246 15.32730698  5489
STARLINK-30148          
1 57617U 23119R   23250.16667824 -.02081128  00000+0 -56726-1 0  9994
2 57617  43.0003  12.9186 0001860 281.6336  90.5339 15.40430527  5486
STARLINK-30249          
1 57618U 23119S   23250.16667824 -.02087853  00000+0 -70150-1 0  9993
2 57618  43.0003  12.9584 0001597 264.8384  90.5515 15.33455458  5435
STARLINK-30220          
1 57619U 23119T   23250.33889617  .01625416  22088-2  11556-2 0  9998
2 57619  42.9983   6.1519 0010259 339.6348  56.1248 16.15577590  5524
STARLINK-30141          
1 57620U 23119U   23250.16667824 -.02056733  00000+0 -66448-1 0  9994
2 57620  43.0006  12.9133 0001556 293.9910  79.6827 15.34629434  5436
STARLINK-30150          
1 57621U 23119V   23250.16667824 -.02086581  00000+0 -68150-1 0  9991
2 57621  43.0005  12.9288 0001563 246.9899 120.6927 15.34338479  5488
STARLINK-30056          
1 57622U 23119W   23250.16667824 -.01868645  00000+0 -41159-1 0  9990
2 57622  43.0009  12.7843 0001692 274.7188 152.2747 15.46298763  5486
STARLINK-30100          
1 57623U 23119X   23250.16667824 -.02081585  00000+0 -65064-1 0  9993
2 57623  43.0006  12.8874 0001518 268.9414 115.4907 15.35694127  5484
LUDI TANCE-4 01A        
1 57624U 23120A   23249.80269281 -.00000190  00000+0  00000+0 0  9997
2 57624  16.0824 218.4526 0002765 302.0458 203.4357  1.00266638   373
CZ-3B R/B               
1 57625U 23120B   23249.42816639  .00111088  49355-7  33704-3 0  9994
2 57625  28.4971 209.7040 7216219 195.3409 118.2210  2.42649901   607
2023-121A               
1 57626U 23121A   23250.06376921  .00000727  00000+0  19568-3 0  9998
2 57626  45.0019 244.3344 0005813  40.1069 320.0215 14.56662803  3487
2023-121B               
1 57627U 23121B   23250.05742488  .00000728  00000+0  19263-3 0  9996
2 57627  45.0029 244.2956 0005139  16.5572 343.5451 14.57459818  3487
2023-121C               
1 57628U 23121C   23250.05112177  .00000782  00000+0  20183-3 0  9996
2 57628  44.9987 244.2444 0005846  11.9300 348.1693 14.58065860  3484
2023-121D               
1 57629U 23121D   23250.04417081  .00000795  00000+0  20239-3 0  9994
2 57629  45.0042 244.2124 0007271  10.4631 349.6375 14.58658524  3487
2023-121E               
1 57630U 23121E   23250.03837275  .00000842  00000+0  20902-3 0  9996
2 57630  45.0021 244.1691 0008413 354.6232   5.4533 14.59401747  3480
STARLINK-30309          
1 57632U 23122A   23249.91667824 -.01622067  00000+0 -24562-1 0  9991
2 57632  43.0004  29.3469 0001867 291.0473 243.2417 15.56716340  4541
STARLINK-30306          
1 57633U 23122B   23250.16667824 -.01640934  00000+0 -25568-1 0  9991
2 57633  43.0007  27.8700 0003381 193.2079 303.7558 15.55973511  4557
STARLINK-30323          
1 57634U 23122C   23249.91667824 -.01451903  00000+0 -22107-1 0  9995
2 57634  43.0004  29.3417 0001942 282.3367 253.8219 15.56724422  4542
STARLINK-30329          
1 57635U 23122D   23250.16667824 -.01647486  00000+0 -25655-1 0  9999
2 57635  43.0005  27.8688 0004387 214.2777 283.1897 15.55989120  4503
STARLINK-30330          
1 57636U 23122E   23250.16667824 -.01638376  00000+0 -25529-1 0  9998
2 57636  43.0007  27.8675 0000795 210.5447 287.4610 15.55992879  4554
STARLINK-30311          
1 57637U 23122F   23250.16667824 -.01629736  00000+0 -25366-1 0  9998
2 57637  43.0008  27.8645 0001455 250.5761 248.4962 15.56001505  4555
STARLINK-30328          
1 57638U 23122G   23248.75001157  .00340505  00000+0  25387-2 0  9997
2 57638  43.0017  36.1429 0004204 303.9420 200.7884 15.70941588  4373
STARLINK-30326          
1 57639U 23122H   23250.16667824 -.01645230  00000+0 -25490-1 0  9995
2 57639  43.0006  27.8423 0001655 187.3338 320.1773 15.56150234  4550
STARLINK-30324          
1 57640U 23122J   23250.16667824 -.01646790  00000+0 -25609-1 0  9991
2 57640  43.0005  27.8631 0004641 192.3263 307.2691 15.56021274  4559
STARLINK-30312          
1 57641U 23122K   23250.16667824 -.01592281  00000+0 -24716-1 0  9995
2 57641  43.0007  27.8608 0002017 255.2717 245.3876 15.56000970  4551
STARLINK-30263          
1 57642U 23122L   23250.16667824 -.01466137  00000+0 -22986-1 0  9993
2 57642  43.0006  27.8580 0004916 214.8657 286.8852 15.55941660  4557
STARLINK-30280          
1 57643U 23122M   23250.16667824 -.01643667  00000+0 -25526-1 0  9992
2 57643  43.0006  27.8544 0000779 256.1589 247.0495 15.56091897  4555
STARLINK-30247          
1 57644U 23122N   23250.16667824 -.01640250  00000+0 -25479-1 0  9995
2 57644  43.0006  27.8556 0000749 225.1025 277.5958 15.56079555  4556
STARLINK-30277          
1 57645U 23122P   23250.16667824 -.01643072  00000+0 -25533-1 0  9992
2 57645  43.0007  27.8573 0001389 209.1203 293.0708 15.56068691  4553
STARLINK-30265          
1 57646U 23122Q   23250.16667824 -.01649379  00000+0 -25619-1 0  9994
2 57646  43.0006  27.8603 0005255 196.6290 304.5447 15.56049348  4555
STARLINK-30286          
1 57647U 23122R   23250.16667824 -.01641519  00000+0 -25461-1 0  9998
2 57647  43.0006  27.8515 0002739 238.1782 266.1082 15.56103041  4504
STARLINK-30243          
1 57648U 23122S   23250.16667824 -.01641682  00000+0 -25486-1 0  9997
2 57648  43.0006  27.8538 0000729 243.8094 259.9366 15.56098288  4552
STARLINK-30293          
1 57649U 23122T   23250.16667824 -.01642325  00000+0 -25424-1 0  9995
2 57649  43.0006  27.8465 0003562 181.4346 324.9025 15.56147375  4554
STARLINK-30299          
1 57650U 23122U   23250.16667824 -.01641888  00000+0 -25465-1 0  9995
2 57650  43.0008  27.8512 0001587 200.5037 304.2869 15.56116722  4555
STARLINK-30294          
1 57651U 23122V   23250.16667824 -.01647342  00000+0 -25539-1 0  9999
2 57651  43.0007  27.8498 0002298 272.4603 232.8362 15.56130949  4501
STARLINK-30276          
1 57652U 23122W   23250.16667824 -.01641602  00000+0 -25406-1 0  9996
2 57652  43.0005  27.8451 0003115 185.5564 321.2903 15.56158214  4552
STARLINK-30289          
1 57653U 23122X   23250.16667824  .00129573  00000+0  14519-2 0  9996
2 57653  43.0010  27.8124 0002403 299.7841 220.5483 15.61519229  4558
2023-123A               
1 57654U 23123A   23248.21367485  .00002580  00000+0  34390-3 0  9999
2 57654  97.9042 164.5423 0003175  88.7685  37.2297 14.80476567  2294
2023-123B               
1 57655U 23123B   23241.41907056  .00006477  00000+0  34868-3 0  9998
2 57655  97.8849 158.0815 0100948  27.3109 107.4693 15.10847384  1302
STARLINK A              
1 57663U 23124A   23250.13275133 -.00374565  00000+0 -31463-2 0  9996
2 57663  53.0544 125.3033 0001229 133.8861 226.2257 15.70322164  3562
STARLINK B              
1 57664U 23124B   23250.13259574 -.00480015  00000+0 -40481-2 0  9996
2 57664  53.0537 125.3022 0001190 124.5388 235.5741 15.70533973  3700
STARLINK C              
1 57665U 23124C   23250.13256569 -.00452351  00000+0 -36993-2 0  9993
2 57665  53.0542 125.3022 0002476  35.2675 324.8505 15.71176046  3718
STARLINK D              
1 57666U 23124D   23250.14807413  .00226934  00000+0  87652-3 0  9998
2 57666  53.0508 124.6664 0001016 126.8667 233.2449 15.86123484  3727
STARLINK E              
1 57667U 23124E   23250.13248683 -.00230675  00000+0 -19118-2 0  9996
2 57667  53.0547 125.3022 0001405 133.8947 226.2186 15.70210483  3356
STARLINK F              
1 57668U 23124F   23250.13235694 -.00736494  00000+0 -63816-2 0  9999
2 57668  53.0540 125.2994 0002082 106.4246 253.6999 15.70619755  3718
STARLINK G              
1 57669U 23124G   23250.13225887 -.00874597  00000+0 -76825-2 0  9994
2 57669  53.0541 125.3009 0002860 144.7782 215.3424 15.70687793  3717
STARLINK H              
1 57670U 23124H   23250.13216157  .00172991  00000+0  12784-2 0  9997
2 57670  53.0541 125.2992 0004643 336.6607  23.4199 15.71926386  3350
STARLINK J              
1 57671U 23124J   23250.13216112 -.00384799  00000+0 -31874-2 0  9993
2 57671  53.0539 125.2989 0002882 139.1511 220.9722 15.70675038  3403
STARLINK K              
1 57672U 23124K   23250.13220756 -.00784886  00000+0 -68016-2 0  9992
2 57672  53.0546 125.3001 0000773  87.1149 272.9957 15.70767775  3568
STARLINK L              
1 57673U 23124L   23250.13211519 -.00331727  00000+0 -27556-2 0  9996
2 57673  53.0548 125.2998 0001516 153.5584 206.5510 15.70460508  3407
STARLINK M              
1 57674U 23124M   23250.13192320  .00116675  00000+0  90259-3 0  9997
2 57674  53.0539 125.2965 0002051  20.4604 339.6495 15.71047661  3358
STARLINK N              
1 57675U 23124N   23250.13204316 -.00498035  00000+0 -41679-2 0  9993
2 57675  53.0539 125.2989 0002678 149.7353 210.3819 15.70758500  3700
STARLINK P              
1 57676U 23124P   23250.13191755 -.00772539  00000+0 -66661-2 0  9998
2 57676  53.0533 125.3000 0002173 118.5304 241.5932 15.70821318  3700
STARLINK Q              
1 57677U 23124Q   23250.13168723 -.00705148  00000+0 -60289-2 0  9990
2 57677  53.0533 125.2967 0003317 160.5223 199.5921 15.70834701  3564
STARLINK R              
1 57678U 23124R   23250.13183394 -.00777965  00000+0 -67154-2 0  9996
2 57678  53.0545 125.2976 0001869 140.7305 219.3848 15.70831016  3711
STARLINK S              
1 57679U 23124S   23250.13157910 -.00389868  00000+0 -32550-2 0  9995
2 57679  53.0540 125.2965 0002566 136.8507 223.2712 15.70503955  3240
STARLINK T              
1 57680U 23124T   23250.06796887 -.00757449  00000+0 -64635-2 0  9994
2 57680  53.0538 125.6103 0002143  74.7655 285.3599 15.71041666  3690
STARLINK U              
1 57681U 23124U   23250.13168354 -.00519490  00000+0 -42009-2 0  9998
2 57681  53.0545 125.2962 0002265 147.3835 212.7322 15.71633635  3703
STARLINK V              
1 57682U 23124V   23250.13166587 -.00403930  00000+0 -33124-2 0  9994
2 57682  53.0549 125.2969 0004128  76.2352 283.9124 15.70958758  3704
STARLINK W              
1 57683U 23124W   23250.17538726 -.00217806  00000+0 -13993-2 0  9994
2 57683  53.0519 124.8498 0001490  60.8966 299.2202 15.76098966  3713
PROGRESS-MS 24          
1 57691U 23125A   23249.64118748  .00012174  00000+0  21887-3 0  9993
2 57691  51.6416 285.0139 0005632  35.5812 110.7720 15.50263295414422
CAPELLA-11 (ACADIA)     
1 57693U 23126A   23249.43106509  .00004954  00000+0  75812-3 0  9999
2 57693  53.0111 232.4497 0006691 340.1033  19.9680 14.75158613  1982
ELECTRON KICKSTAGE R/B  
1 57694U 23126B   23249.63072500  .00002481  00000+0  39226-3 0  9997
2 57694  53.0113 231.5606 0009332 325.6145  34.4225 14.75513509  2015
ELECTRON R/B            
1 57695U 23126C   23250.26254277  .02773257  11150-4  10050-2 0  9996
2 57695  53.0032 219.5554 0190825 300.5612 198.3253 15.93844502  2239
JILIN-01 KUANFU 02A     
1 57696U 23127A   23247.34465067  .00007113  00000+0  44983-3 0  9993
2 57696  97.5937 332.7630 0012017 250.5008 196.4991 15.09268351  1538
CREW DRAGON 7           
1 57697U 23128A   23249.64118748  .00012174  00000+0  21887-3 0  9992
2 57697  51.6416 285.0139 0005632  35.5812 110.7720 15.50263295414428
STARLINK A              
1 57698U 23129A   23249.91667824 -.00836648  00000+0 -40342-2 0  9996
2 57698  43.0025  61.1496 0001741 220.9924  20.2614 15.83695361  2946
STARLINK B              
1 57699U 23129B   23249.91667824 -.00841116  00000+0 -40567-2 0  9992
2 57699  43.0028  61.1486 0002101 259.7620 342.1032 15.83697745  2941
STARLINK C              
1 57700U 23129C   23249.93731748 -.00082711  00000+0 -35980-3 0  9996
2 57700  43.0024  61.0188 0003276 237.2830 122.7727 15.83923480  2789
STARLINK D              
1 57701U 23129D   23249.93735805 -.00176716  00000+0 -78284-3 0  9998
2 57701  43.0023  61.0190 0002414 216.4605 143.6103 15.83845824  2565
STARLINK E              
1 57702U 23129E   23249.93723588 -.00175662  00000+0 -77760-3 0  9991
2 57702  43.0021  61.0182 0003058 214.2014 145.8662 15.83854376  2937
STARLINK F              
1 57703U 23129F   23250.18956970  .00067544  00000+0  29845-3 0  9992
2 57703  43.0020  59.4697 0001741 263.1069  96.9605 15.83552328  2664
STARLINK G              
1 57704U 23129G   23249.93709206 -.00204443  00000+0 -90887-3 0  9999
2 57704  43.0025  61.0160 0002441 217.0135 143.0569 15.83846440  2781
STARLINK H              
1 57705U 23129H   23249.93718480 -.00225350  00000+0 -10058-2 0  9995
2 57705  43.0015  61.0179 0002855 224.3577 135.7067 15.83815482  2931
STARLINK J              
1 57706U 23129J   23249.93714104 -.00220449  00000+0 -98257-3 0  9997
2 57706  43.0030  61.0193 0003333 215.6636 144.4014 15.83828215  2786
STARLINK K              
1 57707U 23129K   23249.93701369 -.00146343  00000+0 -64364-3 0  9999
2 57707  43.0031  61.0175 0003353 229.9572 130.1007 15.83904958  2780
STARLINK L              
1 57708U 23129L   23250.18927873  .00028765  00000+0  12915-3 0  9999
2 57708  43.0024  59.4670 0001743 108.7213 251.3848 15.83536507  2972
STARLINK M              
1 57709U 23129M   23250.18934225 -.00107320  00000+0 -47958-3 0  9991
2 57709  43.0020  59.4676 0002697 237.6312 122.4299 15.83454436  2974
STARLINK N              
1 57710U 23129N   23250.18916039 -.00063767  00000+0 -28189-3 0  9997
2 57710  43.0019  59.4675 0002493 233.8985 126.1657 15.83504804  2975
STARLINK P              
1 57711U 23129P   23249.93692864 -.00185434  00000+0 -82047-3 0  9995
2 57711  43.0034  61.0163 0003163 240.6242 119.4315 15.83890111  2684
STARLINK Q              
1 57712U 23129Q   23250.18903769  .00122072  00000+0  52734-3 0  9991
2 57712  43.0024  59.4663 0000341  13.8330 346.2551 15.83820748  2976
STARLINK R              
1 57713U 23129R   23249.93667564 -.00181194  00000+0 -80026-3 0  9990
2 57713  43.0036  61.0131 0001636 264.7763  95.2923 15.83925006  2623
STARLINK S              
1 57714U 23129S   23249.93676237 -.00202452  00000+0 -89746-3 0  9997
2 57714  43.0036  61.0163 0002593 243.2705 116.7903 15.83899791  2932
STARLINK T              
1 57715U 23129T   23249.93684213 -.00241645  00000+0 -10788-2 0  9997
2 57715  43.0035  61.0171 0003012 239.1941 120.8635 15.83851071  2931
STARLINK U              
1 57716U 23129U   23249.93757119 -.00135454  00000+0 -59562-3 0  9998
2 57716  43.0025  61.0203 0003676 219.8007 140.2596 15.83874989  2622
STARLINK V              
1 57717U 23129V   23249.93669773 -.00062685  00000+0 -27041-3 0  9999
2 57717  43.0028  61.0151 0002256 253.4077 106.6548 15.84011824  2931
STARLINK W              
1 57718U 23129W   23250.18884041  .00031537  00000+0  14106-3 0  9994
2 57718  43.0040  59.4657 0001009  43.2015 316.8936 15.83575855  2978
STARLINK X              
1 57719U 23129X   23249.93659645 -.00119677  00000+0 -52265-3 0  9998
2 57719  43.0037  61.0138 0003011 246.6769 113.3786 15.83974281  2786
2023-130A               
1 57727U 23130A   23247.50136433  .00017102  00000+0  71111-3 0  9994
2 57727  34.9996  42.4162 0008138 296.4659 106.8910 15.22910743   616
2023-130B               
1 57728U 23130B   23247.50196432  .00009637  00000+0  39863-3 0  9992
2 57728  35.0003  42.4067 0009149 292.8214 117.4169 15.23167559   649
2023-130C               
1 57729U 23130C   23247.50064442  .00032971  00000+0  13512-2 0  9997
2 57729  34.9972  42.4100 0009693 303.5889  99.8926 15.23278750   609
2023-130D               
1 57730U 23130D   23247.57047779  .00032621  00000+0  13348-2 0  9999
2 57730  35.0021  41.9710 0009981 300.6126 127.0503 15.23328562   625
2023-130E               
1 57731U 23130E   23247.56929903  .00017926  00000+0  73394-3 0  9996
2 57731  34.9987  41.9722 0009423 304.3224 119.0797 15.23412011   628
2023-132A               
1 57754U 23132A   23245.65206230 -.00000128  00000+0  00000+0 0  9999
2 57754  19.2862  21.4741 5934257 346.7698 165.0186  4.18358561    14
2023-132B               
1 57755U 23132B   23249.84626363  .00016746  00000+0  13700-2 0  9994
2 57755  19.2810  17.9361 5932988 353.2624   1.3331  4.18390526   197
2023-133A               
1 57756U 23133A   23246.82602169  .00000011  00000+0  00000+0 0  9993
2 57756  80.9989 263.9716 0009198 215.8595 276.7617 13.86059341   164
2023-133B               
1 57757U 23133B   23246.82450412  .00000011  00000+0  00000+0 0  9996
2 57757  80.9958 263.9680 0008632 212.9717 271.5701 13.85935983   168
2023-133C               
1 57758U 23133C   23246.82315025  .00000011  00000+0  00000+0 0  9997
2 57758  80.9927 263.9669 0007857 214.2618 262.9578 13.85800851   166
2023-133D               
1 57759U 23133D   23246.46129418  .00000011  00000+0  00000+0 0  9997
2 57759  80.9987 264.3158 0007738 216.8451 255.8787 13.85736712   114
2023-133E               
1 57760U 23133E   23249.76005734  .00000067  00000+0  49132-4 0  9994
2 57760  80.9954 261.1464 0007679 209.5493 150.5231 13.85726266   572
2023-133F               
1 57761U 23133F   23249.97966579  .00000063  00000+0  46349-4 0  9994
2 57761  80.9951 260.9420 0004369 238.3753 121.6977 13.84766714   602
2023-133G               
1 57762U 23133G   23250.05047917  .00000082  00000+0  62379-4 0  9994
2 57762  80.9965 260.8713 0005216 213.7439 146.3386 13.85220134   613
2023-133H               
1 57763U 23133H   23249.97890126  .00000087  00000+0  67201-4 0  9996
2 57763  80.9912 260.9396 0004668 223.8428 136.2358 13.85011366   605
2023-133J               
1 57764U 23133J   23249.97768232  .00000082  00000+0  62751-4 0  9999
2 57764  80.9958 260.9396 0005690 206.3705 153.7163 13.85401688   604
2023-133K               
1 57765U 23133K   23249.97872398  .00000079  00000+0  59930-4 0  9990
2 57765  80.9999 260.9426 0004800 220.9733 139.1063 13.85068279   601
2023-133L               
1 57766U 23133L   23249.97802628  .00000074  00000+0  55603-4 0  9998
2 57766  80.9988 260.9409 0005387 210.8218 149.2623 13.85291557   609
2023-133M               
1 57767U 23133M   23249.76253201  .00000063  00000+0  45789-4 0  9995
2 57767  80.9921 261.1487 0004484 231.4913 128.5841 13.84892469   570
2023-133N               
1 57768U 23133N   23249.97860142  .00000156  00000+0  12830-3 0  9990
2 57768  80.9911 260.9391 0004917 219.2360 140.8441 13.85107607   614
2023-133P               
1 57769U 23133P   23249.76172486  .00000081  00000+0  61765-4 0  9994
2 57769  80.9998 261.1499 0005053 217.1297 142.9510 13.85164634   578
TIANQI 21               
1 57792U 23135A   23250.05460923 -.00000042  00000+0  46918-4 0  9993
2 57792  49.9713  97.0504 0012022 309.8093  50.1763 14.29216166   245
TIANQI 22               
1 57793U 23135B   23250.12430943 -.00000041  00000+0  46821-4 0  9993
2 57793  49.9684  96.7517 0012561 312.8775  47.1084 14.29399493   250
TIANQI 23               
1 57794U 23135C   23250.05430024  .00000264  00000+0  16527-3 0  9991
2 57794  49.9722  97.0489 0012394 315.7602  44.2321 14.29488025   242
TIANQI 24               
1 57795U 23135D   23250.12419042  .00000915  00000+0  41823-3 0  9997
2 57795  49.9731  96.7514 0013150 313.4885  46.4936 14.29499197   256
CERES-1 R/B             
1 57796U 23135E   23250.08202372  .01414520  96042-5  79820-3 0  9996
2 57796  49.9235  95.7131 0467051 355.3660   4.3046 15.27374785   269
2023-136A               
1 57797U 23136A   23250.38165928 -.00000047  00000+0  00000+0 0  9994
2 57797  98.1575 173.6901 0004888 250.3216 261.0999 14.62761311    82
2023-136B               
1 57798U 23136B   23250.37059142 -.00000074  00000+0  00000+0 0  9994
2 57798  98.1658 173.7413 0134574  54.1607 102.2883 14.92670958    92
2023-137A               
1 57800U 23138A   23250.38227316  .00000085  00000+0  00000+0 0  9992
2 57800  31.0019  14.1914 0009792 281.1428 122.7293 14.97781618    63
