NOAA 15                 
1 25338U 98030A   23250.02006289  .00000228  00000+0  11285-3 0  9991
2 25338  98.6020 277.6625 0011471  77.1035 283.1426 14.26384050316920
NOAA 18                 
1 28654U 05018A   23250.06653895  .00000275  00000+0  17117-3 0  9996
2 28654  98.9045 324.0441 0014994 145.3419 214.8732 14.13000306943139
NOAA 19                 
1 33591U 09005A   23250.12135705  .00000233  00000+0  14993-3 0  9997
2 33591  99.0927 297.3310 0014002  16.7634 343.3998 14.12815904751511
METOP-B                 
1 38771U 12049A   23250.09272300  .00000146  00000+0  86524-4 0  9996
2 38771  98.6713 308.0698 0001316 104.4638 285.4256 14.21510393569183
SARAL                   
1 39086U 13009A   23249.90629926  .00000161  00000+0  75929-4 0  9995
2 39086  98.5499  74.0163 0002867  60.6616 299.4853 14.32254499550385
METOP-C                 
1 43689U 18087A   23250.12389885  .00000146  00000+0  86786-4 0  9999
2 43689  98.6759 308.2790 0002808 164.4816 195.6448 14.21513218250768
ANGELS                  
1 44876U 19092D   23249.74685276  .00005332  00000+0  23494-3 0  9992
2 44876  97.4800  73.9191 0009668 236.9815 123.0493 15.22207609206028
GAZELLE                 
1 54023U 22127A   23249.76493335  .00000228  00000+0  82498-4 0  9994
2 54023  98.3286 245.6691 0013760  15.3666 344.7939 14.41890193 48134
EOS-6 (OCEANSAT-3)      
1 54361U 22158A   23250.09128042  .00000450  00000+0  13581-3 0  9994
2 54361  98.3537 345.9709 0001081 100.7561 259.3753 14.46993762 41182
