CUTE-1 (CO-55)          
1 27844U 03031E   23249.96423591  .00000421  00000+0  20698-3 0  9995
2 27844  98.6803 256.0329 0008625 246.2902 113.7372 14.22864458 47395
CUBESAT XI-IV (CO-57)   
1 27848U 03031J   23250.00378631  .00000352  00000+0  17804-3 0  9998
2 27848  98.6839 256.4554 0008467 263.4396  96.5818 14.22363753 47186
CUBESAT XI-V            
1 28895U 05043F   23249.57655583  .00001979  00000+0  36970-3 0  9991
2 28895  98.1641  21.0764 0016431 171.8878 188.2594 14.65968054952739
CUTE-1.7+APD II (CO-65) 
1 32785U 08021C   23249.71535763  .00004454  00000+0  43391-3 0  9992
2 32785  97.7139 213.9925 0011738 182.8272 177.2883 14.92941057832982
AAUSAT-II               
1 32788U 08021F   23249.41188062  .00010585  00000+0  73653-3 0  9994
2 32788  97.5684 227.1437 0010275  81.9069 278.3324 15.05615797835329
DELFI-C3 (DO-64)        
1 32789U 08021G   23250.03471270  .00119763  00000+0  21373-2 0  9990
2 32789  97.2964 271.6384 0008032 153.7406 206.4254 15.49598300840108
SEEDS II (CO-66)        
1 32791U 08021J   23249.74099754  .00007154  00000+0  61381-3 0  9996
2 32791  97.6644 219.3521 0013641 129.9450 230.2973 14.97721099833861
SWISSCUBE               
1 35932U 09051B   23250.07245307  .00001225  00000+0  27748-3 0  9997
2 35932  98.5086 122.3333 0008572 109.9277 250.2845 14.57930425741181
BEESAT-1                
1 35933U 09051C   23249.07931757  .00000952  00000+0  21862-3 0  9994
2 35933  98.5015 122.5621 0006648 121.9302 238.2543 14.57810196741072
ITUPSAT1                
1 35935U 09051E   23249.10396616  .00000871  00000+0  20509-3 0  9996
2 35935  98.5114 122.5020 0008841 128.6587 231.5403 14.56845653740742
TISAT 1                 
1 36799U 10035E   23249.90798725  .00005726  00000+0  50037-3 0  9997
2 36799  98.1229 122.7402 0011981  66.3515 293.8962 14.97147865714453
M-CUBED & EXP-1 PRIME   
1 37855U 11061F   23249.74617985  .00029820  00000+0  82782-3 0  9994
2 37855 101.7106 257.7630 0109904 149.0389 211.7377 15.30951292649029
AEROCUBE 4.5A           
1 38767U 12048K   23249.13461399  .00007943  00000+0  53530-3 0  9993
2 38767  64.6633 144.5232 0112374 126.9358 234.2116 15.02245805217544
AEROCUBE 4.5B           
1 38768U 12048L   23248.97503616  .00015453  00000+0  85241-3 0  9993
2 38768  64.6629  86.1230 0091188 119.5776 241.4472 15.10605428218164
STRAND-1                
1 39090U 13009E   23248.98934279  .00000371  00000+0  14322-3 0  9999
2 39090  98.3877  80.1327 0009532  30.3499 329.8237 14.35676195551319
BRITE-AUSTRIA           
1 39091U 13009F   23249.76179516  .00000242  00000+0  98840-4 0  9997
2 39091  98.3909  80.1230 0011072  33.8022 326.3868 14.35538371551451
BEESAT-3                
1 39135U 13015F   23249.87281932  .00074190  00000+0  12280-2 0  9996
2 39135  64.8548  61.2305 0017555 249.5295 110.3963 15.51589540575007
BEESAT-2                
1 39136U 13015G   23249.92338453  .00052949  00000+0  10275-2 0  9994
2 39136  64.8649  74.2978 0027726 263.3604  96.4380 15.46926665574293
NEE-01 PEGASO           
1 39151U 13018B   23249.76183817  .00002829  00000+0  35232-3 0  9991
2 39151  98.0146   0.1214 0014857 244.3645 115.6033 14.83229140559787
ESTCUBE 1               
1 39161U 13021C   23249.99317198  .00002059  00000+0  31572-3 0  9990
2 39161  97.8658 319.9300 0010453  70.9026 289.3314 14.74650332555221
POPACS 1                
1 39268U 13055D   23249.87873019  .00016704  00000+0  36246-3 0  9996
2 39268  80.9898 112.2959 0486874 272.9529  81.6080 14.71499065518434
POPACS 2                
1 39269U 13055E   23249.28210388  .00013688  00000+0  34227-3 0  9991
2 39269  81.0085 185.9025 0599160 104.5265 262.3137 14.44996775514286
POPACS 3                
1 39270U 13055F   23249.64952587  .00006404  00000+0  18580-3 0  9999
2 39270  81.0107 227.8444 0655605 222.5766 132.2797 14.29944740492200
ZACUBE-1 (TSHEPISOSAT)  
1 39417U 13066B   23249.61378570  .00004510  00000+0  51327-3 0  9997
2 39417  97.6927 208.4868 0054993  21.5808 338.7707 14.85595234529283
WNISAT-1                
1 39423U 13066H   23250.02771088  .00001087  00000+0  21927-3 0  9991
2 39423  97.6941 102.2328 0172185 180.2057 179.9099 14.54346382519339
TRITON-1                
1 39427U 13066M   23250.05509633  .00002990  00000+0  44933-3 0  9999
2 39427  97.8319 172.8479 0105400 275.4098  83.5093 14.71539837524587
DELFI-N3XT              
1 39428U 13066N   23249.75709876  .00005003  00000+0  70964-3 0  9997
2 39428  97.8293 171.7326 0107242 287.5936  71.3581 14.73522777524145
GOMX-1                  
1 39430U 13066Q   23249.97436131  .00002548  00000+0  44263-3 0  9999
2 39430  97.7673 136.3220 0146294  74.6622 287.0694 14.62160833521480
CUBEBUG-2 (LO-74)       
1 39440U 13066AA  23249.85638088  .00003413  00000+0  43659-3 0  9992
2 39440  97.7768 195.9928 0076104 120.7155 240.1584 14.79958895526235
NEE-02 KRYSAOR          
1 39441U 13066AB  23250.08137927  .00002161  00000+0  29268-3 0  9995
2 39441  97.7876 192.8920 0078653 137.4723 223.2617 14.77830435527104
FUNCUBE-1 (AO-73)       
1 39444U 13066AE  23249.95050390  .00006360  00000+0  69028-3 0  9993
2 39444  97.6784 211.4374 0052539   5.2825 354.8934 14.87467565528380
UWE-3                   
1 39446U 13066AG  23250.10785373  .00004417  00000+0  53399-3 0  9995
2 39446  97.7410 202.3509 0066643  71.5931 289.2513 14.82617031527151
BRITE-CA1 (TORONTO)     
1 40020U 14033L   23249.39936955  .00001159  00000+0  19952-3 0  9990
2 40020  97.8374  32.5309 0083741 281.2704  77.9100 14.68184463493178
DUCHIFAT-1              
1 40021U 14033M   23249.34779653  .00007087  00000+0  58532-3 0  9999
2 40021  98.0668 216.0173 0012205  13.3817 346.7726 14.99244514501340
NANOSATC-BR1            
1 40024U 14033Q   23249.83052246  .00008250  00000+0  72141-3 0  9993
2 40024  98.0343 207.0874 0011150  23.9038 336.2698 14.96977153500622
QB50P1                  
1 40025U 14033R   23250.09509030  .00005344  00000+0  49687-3 0  9992
2 40025  98.0020 198.3842 0012135  32.1168 328.0789 14.94726750500883
QB50P2                  
1 40032U 14033Y   23250.06426434  .00006108  00000+0  57972-3 0  9998
2 40032  97.9700 191.7241 0011644  31.3528 328.8383 14.93853380500718
PERSEUS-M2              
1 40037U 14033AD  23249.27360632  .00002043  00000+0  22427-3 0  9992
2 40037  97.9062 174.7824 0015188  57.3607 302.9073 14.88722883499415
PERSEUS-M1              
1 40039U 14033AF  23250.05258473  .00002238  00000+0  24705-3 0  9998
2 40039  97.8903 172.3680 0014983  54.8428 305.4190 14.88398925499907
POLYITAN-1              
1 40042U 14033AJ  23250.11211039  .00007404  00000+0  66713-3 0  9991
2 40042  98.0130 200.5298 0013573  22.1740 338.0065 14.95816624500796
TIGRISAT                
1 40043U 14033AK  23249.90447662  .00002811  00000+0  39603-3 0  9995
2 40043  97.6720  60.8470 0058093 147.2316 213.2520 14.76869335495777
AEROCUBE 6A             
1 40045U 14033AM  23249.75015489  .00004595  00000+0  60657-3 0  9992
2 40045  97.6607  70.6172 0054987 131.6563 228.9376 14.79436567495682
AEROCUBE 6B             
1 40046U 14033AN  23249.47089517  .00004594  00000+0  59611-3 0  9992
2 40046  97.6555  68.8545 0053617 129.2900 231.3086 14.80210217496057
UKUBE-1                 
1 40074U 14037F   23249.98375121  .00005067  00000+0  54400-3 0  9999
2 40074  98.3360 158.7768 0002305 297.2166  62.8814 14.89071532496425
BRITE-PL2 (HEWELIUSZ)   
1 40119U 14049B   23249.74504814  .00002465  00000+0  28125-3 0  9993
2 40119  97.8821 346.2137 0015846 216.1205 143.8942 14.86935641490280
GRIFEX                  
1 40379U 15003D   23249.82226582  .00063240  00000+0  10921-2 0  9996
2 40379  99.0801 206.7363 0067992 351.2250   8.7800 15.48167371475989
CP10 (EXOCUBE)          
1 40380U 15003E   23249.83958392  .00041111  00000+0  99968-3 0  9992
2 40380  99.0831 195.1265 0090068  28.1473 332.4592 15.36677426475241
EXACTVIEW 9             
1 40936U 15052G   23247.08994286  .00002926  00000+0  30112-3 0  9997
2 40936   6.0023 243.5971 0010332 323.8108  36.1320 14.78875706428956
AEROCUBE 5C             
1 40965U 15058B   23249.89799830  .00004777  00000+0  51589-3 0  9991
2 40965  64.7725 152.2057 0166150  41.8993 319.4689 14.79890967214920
AEROCUBE 7              
1 40966U 15058C   23249.85207232  .00005778  00000+0  60803-3 0  9999
2 40966  64.7711 148.1328 0163351  41.6125 319.7278 14.80954327214959
GALASSIA                
1 41170U 15077E   23249.87603614  .00088534  00000+0  15328-2 0  9996
2 41170  14.9872 325.8803 0007068 150.5426 209.5298 15.49038785428862
VELOX-II                
1 41171U 15077F   23249.87096263  .00027328  00000+0  85230-3 0  9997
2 41171  14.9903  81.4700 0005299 278.5248  81.4474 15.30988468427725
HORYU-4                 
1 41340U 16012D   23250.04126531  .00008825  00000+0  53643-3 0  9992
2 41340  31.0050  16.3574 0011173 346.2064  13.8268 15.09111251415090
E-ST@R-II               
1 41459U 16025D   23250.02633717  .00038988  00000+0  97882-3 0  9990
2 41459  98.1773  99.9263 0096487 172.4132 187.8596 15.35152324405433
BEESAT-4                
1 41619U 16040W   23250.08792945  .00441437  74497-4  15333-2 0  9993
2 41619  97.1390 301.6265 0005545 221.6509 138.4342 15.89376135389732
RAVAN                   
1 41849U 16067B   23249.91571947  .00008254  00000+0  55444-3 0  9992
2 41849  98.0468  47.8851 0014799 273.0553  86.8979 15.06987464373078
CELTEE 1                
1 41850U 16067C   23249.89049468  .00005188  00000+0  39675-3 0  9990
2 41850  98.0761  41.2527 0001920  89.1329 271.0114 15.02385363372684
OPTICUBE 04             
1 41851U 16067D   23249.84979587  .00002786  00000+0  22715-3 0  9998
2 41851  98.0655  38.9924 0014842 282.6453  77.3110 15.00278304372571
AEROCUBE 8D             
1 41852U 16067E   23249.37154394  .00005641  00000+0  42554-3 0  9994
2 41852  98.0784  39.9088 0005615 343.7751  16.3292 15.02858931372559
AEROCUBE 8C             
1 41853U 16067F   23249.36991929  .00005751  00000+0  43475-3 0  9992
2 41853  98.0587  39.2303 0008910 277.1202  82.9008 15.02746810372541
PROMETHEUS 2-1          
1 41854U 16067G   23249.73463850  .00008612  00000+0  57589-3 0  9991
2 41854  98.0778  43.3504 0015517 302.7124  57.2606 15.07129471372768
PROMETHEUS 2-3          
1 41855U 16067H   23249.86148024  .00010270  00000+0  68637-3 0  9998
2 41855  98.0695  43.2578 0013239 312.0856  47.9243 15.07120949372788
INS-1B                  
1 41954U 17008G   23250.10485345  .00218297  00000+0  13512-2 0  9993
2 41954  97.1852 312.4852 0001523 149.6452 210.4903 15.76452645365697
DIDO-2                  
1 42000U 17008BE  23249.37924061  .00027029  00000+0  60602-3 0  9990
2 42000  97.1929 304.3188 0006917 103.7474 256.4545 15.43362262364447
PEASSS                  
1 42015U 17008BV  23249.90990929  .00096073  00000+0  10648-2 0  9990
2 42015  97.1959 314.1736 0003016 103.7621 256.3973 15.62651064365576
UCLSAT                  
1 42765U 17036A   23249.89563317  .00107801  00000+0  11727-2 0  9999
2 42765  97.1316 288.8748 0006916 140.6345 219.5417 15.63070082346591
AALTO-1                 
1 42775U 17036L   23249.83745180  .00024269  00000+0  63376-3 0  9998
2 42775  97.1473 277.6760 0010232 158.0782 202.0904 15.38733407345068
URSA MAIOR              
1 42776U 17036M   23249.06856872  .00027185  00000+0  65368-3 0  9998
2 42776  97.1480 278.5374 0009991 156.0644 204.1070 15.41232019345034
DIAMOND RED             
1 42783U 17036U   23249.05702463  .00033771  00000+0  70811-3 0  9998
2 42783  97.1445 282.2290 0008359 155.3051 204.8600 15.45291802345263
PEGASUS                 
1 42784U 17036V   23249.76024093  .00064092  00000+0  93738-3 0  9996
2 42784  97.1395 286.5873 0007844 142.4407 217.7398 15.55371526345622
DIAMOND GREEN           
1 42785U 17036W   23249.89579402  .00040691  00000+0  80475-3 0  9993
2 42785  97.1434 283.4053 0008235 152.0603 208.1091 15.46964705345488
DIAMOND BLUE            
1 42786U 17036X   23249.88560113  .00035804  00000+0  72778-3 0  9999
2 42786  97.1440 283.2747 0008400 151.3051 208.8663 15.46190366345393
SUCHAI                  
1 42788U 17036Z   23249.31546083  .00236942  00000+0  13272-2 0  9998
2 42788  97.1300 291.6900 0006515 156.6708 203.4856 15.78643348345995
SKCUBE                  
1 42789U 17036AA  23249.83842149  .00117885  00000+0  12194-2 0  9994
2 42789  97.1334 289.5827 0007519 141.3046 218.8754 15.64320154345829
ROBUSTA 1B              
1 42792U 17036AD  23249.84017949  .00196234  00000+0  14145-2 0  9994
2 42792  97.1296 291.4692 0006306 145.3415 214.8261 15.72952542345964
CICERO 6                
1 42793U 17036AE  23249.32748171  .00028203  00000+0  64257-3 0  9996
2 42793  97.1431 282.3714 0007725 154.5606 205.6024 15.42867508345396
CORVUS BC2              
1 42846U 17042X   23249.85464397  .00002345  00000+0  21828-3 0  9991
2 42846  97.3834  86.2666 0007576 304.6897  55.3610 14.95165833334922
CORVUS BC1              
1 42847U 17042Y   23249.50616818  .00003211  00000+0  29648-3 0  9992
2 42847  97.3830  86.3016 0007067 305.2700  54.7860 14.95259223334886
MIRATA                  
1 43015U 17073C   23250.07330404  .00014184  00000+0  85514-3 0  9997
2 43015  97.6207 135.5252 0205755 140.8701 220.7607 14.94797406313714
MAKERSAT 0              
1 43016U 17073D   23249.48658307  .00007754  00000+0  50906-3 0  9998
2 43016  97.6185 132.4916 0222058 154.0828 207.1716 14.89825873313416
CORVUS BC3              
1 43118U 18004H   23249.93720489  .00031591  00000+0  73379-3 0  9992
2 43118  97.3188 324.3674 0006698 197.1281 162.9741 15.42276043314622
CICERO 7                
1 43143U 18004AJ  23249.47689242  .00099584  00000+0  93004-3 0  9993
2 43143  97.3211 338.8198 0003548 189.7211 170.3982 15.66977611315434
GOMX-4B                 
1 43196U 18015E   23249.87414852  .00019253  00000+0  49625-3 0  9995
2 43196  97.5880  43.4047 0012567 272.6936  87.2870 15.39163778311502
GOMX-4A                 
1 43197U 18015F   23250.01614525  .00024501  00000+0  55532-3 0  9999
2 43197  97.5877  46.0985 0011875 264.8761  95.1131 15.43014927311705
CUBEBEL-1 (BSUSAT-1)    
1 43666U 18083E   23250.09228454  .00045247  00000+0  98899-3 0  9998
2 43666  97.3745 282.4808 0009344 170.1016 190.0418 15.43993377269810
CICERO 10               
1 43690U 18088A   23249.30134186  .00026326  00000+0  66204-3 0  9992
2 43690  85.0322  17.5530 0008633 287.5671  72.4637 15.39775409267948
PROXIMA I               
1 43694U 18088E   23249.80908593  .00034996  00000+0  77739-3 0  9999
2 43694  85.0256  12.5178 0010915 244.9421 115.0700 15.43470452268353
PROXIMA II              
1 43696U 18088G   23249.63617233  .00030372  00000+0  67919-3 0  9993
2 43696  85.0256  12.7005 0010950 245.3555 114.6558 15.43282299268310
SIRION PATHFINDER-2     
1 43759U 18099B   23250.09290249  .00003687  00000+0  30604-3 0  9991
2 43759  97.5632 309.4410 0013523 198.5703 161.5028 14.99309830259892
CORVUS BC4              
1 43767U 18099K   23250.08646405  .00003966  00000+0  33341-3 0  9999
2 43767  97.5581 307.2626 0010787 203.3459 156.7275 14.98794681259791
MOVE-II                 
1 43780U 18099Y   23249.97299287  .00011432  00000+0  79990-3 0  9999
2 43780  97.5648 312.3323 0007546 224.4119 135.6503 15.05407607260034
SPACEBEE-7              
1 43816U 18099BL  23249.16381635  .00007771  00000+0  56871-3 0  9993
2 43816  97.5886 312.4594 0012289 172.6928 187.4479 15.03796295259476
SPACEBEE-5              
1 43817U 18099BM  23249.18186099  .00045758  00000+0  18995-2 0  9994
2 43817  97.5841 321.7614 0005019 164.9987 195.1399 15.23680993260003
SPACEBEE-6              
1 43818U 18099BN  23249.90287448  .00014386  00000+0  93305-3 0  9997
2 43818  97.5824 315.6216 0011859 186.8409 173.2659 15.08135362259873
SHIELDS 1               
1 43850U 18104B   23250.07829675  .00008605  00000+0  29532-3 0  9992
2 43850  85.0243 114.6750 0014849  58.7753 301.4946 15.29869153262623
STF-1                   
1 43852U 18104D   23250.03048140  .00044133  00000+0  80244-3 0  9993
2 43852  85.0191 111.0108 0011007  55.4896 304.7398 15.49282082263046
ZACUBE-2                
1 43907U 18111AH  23250.05352263  .00033188  00000+0  69370-3 0  9993
2 43907  97.1233 127.9283 0010378 276.0139  83.9928 15.45366629261778
LUME 1                  
1 43908U 18111AJ  23249.32112225  .00045467  00000+0  72889-3 0  9996
2 43908  97.1222 131.6784 0007566 257.6961 102.3446 15.52922508261951
MOVE-IIB                
1 44398U 19038N   23250.06986174  .00092627  00000+0  15566-2 0  9992
2 44398  97.6638 237.4214 0009712  27.2861 332.8898 15.51387602231316
SONATE                  
1 44400U 19038Q   23249.87927479  .00013012  00000+0  55212-3 0  9990
2 44400  97.6915 229.3386 0021060  33.6302 326.6266 15.23033972230663
LUCKY-7                 
1 44406U 19038W   23249.40158106  .00015140  00000+0  57944-3 0  9996
2 44406  97.6875 230.4816 0019166  30.3836 329.8508 15.26493759230700
BEESAT 9                
1 44412U 19038AC  23249.39992533  .00027715  00000+0  83396-3 0  9992
2 44412  97.6801 232.9788 0014960  31.0055 329.2067 15.34229863230592
JAISAT-1                
1 44419U 19038F   23249.72587001  .00029799  00000+0  88888-3 0  9991
2 44419  97.6796 234.4320 0014079  27.0563 333.1410 15.34503195231029
DUCHIFAT-3              
1 44854U 19089C   23249.90531171  .00009649  00000+0  62456-3 0  9992
2 44854  36.9622 322.3935 0008424 264.1745  95.8039 15.07661514205163
EYESAT-NANO             
1 44877U 19092E   23249.82039139  .00098186  00000+0  15575-2 0  9992
2 44877  97.4561  82.6799 0006297 200.7010 159.3989 15.53012511206724
M2 PATHFINDER           
1 45727U 20037E   23249.42201874  .00003078  00000+0  28978-3 0  9999
2 45727  97.7632  63.1826 0011833   0.2875 359.8350 14.94545359173378
NETSAT-4                
1 46504U 20068U   23249.65436852  .00006697  00000+0  43092-3 0  9992
2 46504  97.7674 196.3164 0008748 248.4601 111.5695 15.08690592161183
NETSAT-3                
1 46505U 20068V   23249.83107788  .00006385  00000+0  41372-3 0  9999
2 46505  97.7647 196.2721 0007785 258.2695 101.7660 15.08462806161216
NETSAT-1                
1 46506U 20068W   23249.82765698  .00005237  00000+0  34434-3 0  9995
2 46506  97.7659 196.1131 0006351 271.3804  88.6696 15.08015330161207
NETSAT-2                
1 46507U 20068X   23249.65620135  .00006880  00000+0  44366-3 0  9993
2 46507  97.7660 196.0405 0005557 281.2110  78.8493 15.08617140161135
SAI-1 NANOCONNECT-2     
1 47701U 21015C   23249.47740773  .00087221  00000+0  10813-2 0  9991
2 47701  97.3764 335.1890 0006132 271.1027  88.9527 15.59739613140775
WILDTRACKCUBE-SIMBA     
1 47941U 21022K   23250.04934758  .00009234  00000+0  51683-3 0  9997
2 47941  97.4859 145.6510 0020360  57.3851 302.9342 15.13485158135385
BEESAT-6                
1 47957U 21022AB  23249.17705783  .00022430  00000+0  96649-3 0  9994
2 47957  97.4822 147.5387 0017497  54.5491 305.7376 15.22447850135241
SMOG-1                  
1 47964U 21022AJ  23249.14650692  .00024397  00000+0  99298-3 0  9994
2 47964  97.4866 149.8089 0015350  42.5321 317.7102 15.24392445134392
BCCSAT-1                
1 48041U 21022AK  23249.17600604  .00019102  00000+0  84471-3 0  9997
2 48041  97.4867 148.4520 0013448  44.7151 315.5167 15.21655838134286
BEESAT-5                
1 48083U 21022AM  23249.19308551  .00026758  00000+0  10899-2 0  9998
2 48083  97.4725 147.8569 0016866  53.0966 307.1814 15.24323648134410
BEESAT-7                
1 48084U 21022AN  23249.67064922  .00023794  00000+0  10034-2 0  9991
2 48084  97.4814 148.2169 0017024  51.8448 308.4319 15.23175352134059
BEESAT-8                
1 48085U 21022AP  23249.50479822  .00009914  00000+0  48933-3 0  9991
2 48085  97.4882 147.0683 0018660  54.3766 305.9202 15.17940205134515
LEDSAT                  
1 49069U 21073D   23249.16893071  .00008801  00000+0  46380-3 0  9996
2 49069  97.4756 318.7263 0023189 196.6726 163.3746 15.15591903113169
SPORT                   
1 55129U 98067UW  23249.02584178  .00215870  00000+0  79806-3 0  9992
2 55129  51.6236 260.8016 0008371  46.9304 313.2400 15.86968258 39299
