TDRS 3                  
1 19548U 88091B   23249.16368755 -.00000307  00000+0  00000+0 0  9993
2 19548  13.3827 347.9452 0034671 330.0820  37.1015  1.00271518115216
FLTSATCOM 8 (USA 46)    
1 20253U 89077A   23249.77643309 -.00000375  00000+0  00000+0 0  9996
2 20253  12.7241 357.3124 0004284 156.0318 237.3175  1.00283743250450
SKYNET 4C               
1 20776U 90079A   23249.92812253  .00000117  00000+0  00000+0 0  9996
2 20776  13.6678 356.7815 0003568 187.2683 169.2855  1.00277056120778
TDRS 5                  
1 21639U 91054B   23249.72921403  .00000076  00000+0  00000+0 0  9999
2 21639  14.1970   1.2175 0022631 359.1581  80.4348  1.00275077117541
TDRS 6                  
1 22314U 93003B   23249.82575872 -.00000304  00000+0  00000+0 0  9997
2 22314  14.1538   4.4972 0012183 153.5866  79.0243  1.00270491112239
UFO 2 (USA 95)          
1 22787U 93056A   23249.99878488  .00000116  00000+0  00000+0 0  9996
2 22787  11.5774   8.8044 0003478 169.0130 196.2856  1.00274705108494
USA 99 (MILSTAR-1 1)    
1 22988U 94009A   23249.44196669 -.00000208  00000+0  00000+0 0  9995
2 22988  16.0604  38.4236 0002341 151.7368 224.1977  1.00270379 22796
UFO 4 (USA 108)         
1 23467U 95003A   23249.64262215 -.00000032  00000+0  00000+0 0  9991
2 23467   9.7721  16.3379 0005652 138.6996 234.0757  1.00271346104781
AMSC 1                  
1 23553U 95019A   23249.49655789 -.00000104  00000+0  00000+0 0  9999
2 23553  12.3613  23.2528 0005435 143.3324 250.0077  1.00272415104003
TDRS 7                  
1 23613U 95035B   23249.84245557 -.00000207  00000+0  00000+0 0  9995
2 23613  13.8007 355.2440 0026279  70.5033 307.8127  1.00266742103081
USA 115 (MILSTAR-1 2)   
1 23712U 95060A   23249.48907191 -.00000029  00000+0  00000+0 0  9994
2 23712  13.6946  11.0506 0003224 192.0026 198.3055  1.00272744 22710
INMARSAT 3-F1           
1 23839U 96020A   23249.59153486  .00000108  00000+0  00000+0 0  9990
2 23839   8.4636  55.0442 0008485 106.8150 249.8535  0.99988790100107
INMARSAT 3-F2           
1 24307U 96053A   23250.01244744 -.00000247  00000+0  00000+0 0  9999
2 24307   7.5302  63.4068 0007985  78.9089 305.4222  0.99980742 98814
INMARSAT 3-F3           
1 24674U 96070A   23249.70309649 -.00000194  00000+0  00000+0 0  9996
2 24674   8.0975  58.4831 0007065 109.2765  53.6121  1.00005067 97767
GALAXY 25 (G-25)        
1 24812U 97026A   23249.54958001 -.00000144  00000+0  00000+0 0  9991
2 24812   4.8088  79.1162 0010113  45.4693 350.3218  0.99033952 96175
INTELSAT 5 (IS-5)       
1 24916U 97046A   23249.73868747 -.00000074  00000+0  00000+0 0  9998
2 24916   8.1815  57.7571 0004691 143.8734 216.0337  1.00273038 95447
AMC-3 (GE-3)            
1 24936U 97050A   23249.54870979 -.00000273  00000+0  00000+0 0  9995
2 24936   5.6378  75.1225 0002868  91.2065 304.5878  1.00271788 42267
USA 134                 
1 25019U 97065A   23249.55565690 -.00000072  00000+0  00000+0 0  9993
2 25019  11.5710  28.6835 0001743 124.7648 279.5356  1.00273131 21438
INMARSAT 3-F5           
1 25153U 98006B   23250.08757378 -.00000302  00000+0  00000+0 0  9990
2 25153   7.3983  62.4457 0004849 115.1261 145.8823  1.00270877 93722
ASTRA 2A                
1 25462U 98050A   23250.19285402  .00000056  00000+0  00000+0 0  9993
2 25462   4.5229  80.6803 0002994  88.4746 303.4797  1.00271583 91571
SKYNET 4E               
1 25639U 99009B   23249.63452267 -.00000044  00000+0  00000+0 0  9994
2 25639  11.4770  14.5562 0002500 162.0467  36.0851  1.00271159 41210
ABS-6                   
1 25924U 99053A   23250.00882652 -.00000131  00000+0  00000+0 0  9995
2 25924   0.0529 270.4599 0002450 230.1753   7.3738  1.00272240 87661
UFO 10 (USA 146)        
1 25967U 99063A   23249.70196521 -.00000196  00000+0  00000+0 0  9992
2 25967   9.2702  31.8011 0004883 142.3398  41.3966  1.00276263 87177
GALAXY 11 (G-11)        
1 26038U 99071A   23249.68116681  .00000060  00000+0  00000+0 0  9996
2 26038   4.1366  82.5539 0004795 102.8797 278.2949  1.00037001 86919
USA 148                 
1 26052U 00001A   23249.67072407  .00000027  00000+0  00000+0 0  9996
2 26052  10.2481  39.6214 0002242 178.9136 188.7939  1.00270135 22797
ASIASTAR                
1 26107U 00016A   23249.85306037 -.00000346  00000+0  00000+0 0  9997
2 26107   6.7273  68.1614 0004397 107.7034 221.9188  1.00271492 85745
USA 149 (DSP 20)        
1 26356U 00024A   23250.03185348  .00000084  00000+0  00000+0 0  9992
2 26356  12.4064  18.6237 0000927 335.5208 197.3087  1.00269670 21438
TDRS 8                  
1 26388U 00034A   23249.65277191  .00000074  00000+0  00000+0 0  9991
2 26388  11.0783  39.4021 0002067 215.8150 153.8871  1.00307955 85012
INTELSAT 9 (IS-9)       
1 26451U 00043A   23250.09869306 -.00000300  00000+0  00000+0 0  9990
2 26451   8.1682  57.9488 0002760 140.7446 132.7698  1.00272754 84676
NSS-11 (AAP-1)          
1 26554U 00059A   23250.10674593  .00000014  00000+0  00000+0 0  9996
2 26554   0.0533 296.7549 0002780 231.1046  32.4824  1.00272260 84006
USA 153                 
1 26575U 00065A   23249.77896667 -.00000337  00000+0  00000+0 0  9994
2 26575   9.8589  42.9239 0001581 167.0511 190.3063  1.00266163 22754
AMC-6 (GE-6)            
1 26580U 00067A   23249.67881719  .00000093  00000+0  00000+0 0  9991
2 26580   0.0517 297.8050 0002733 244.0282 269.0339  1.00271361 83727
INTELSAT 1R (IS-1R)     
1 26608U 00072A   23249.88105625 -.00000152  00000+0  00000+0 0  9993
2 26608   5.5665  75.6035 0002033 187.5670 196.8368  1.00266811 83488
ANIK F1                 
1 26624U 00076A   23250.22159902 -.00000074  00000+0  00000+0 0  9995
2 26624   2.5688  87.2041 0008931  55.7509 173.6524  1.00272277 83552
USA 157 (MILSTAR-2 2)   
1 26715U 01009A   23249.53478796  .00000002  00000+0  00000+0 0  9990
2 26715  10.4487  25.2351 0002123 173.7927 214.6124  1.00270641 21474
INTELSAT 10 (IS-10)     
1 26766U 01019A   23249.73868747  .00000021  00000+0  00000+0 0  9999
2 26766   6.6378  69.3676 0002552 111.0365 248.8922  1.00273214 35448
INTELSAT 901 (IS-901)   
1 26824U 01024A   23249.70083392 -.00000213  00000+0  00000+0 0  9996
2 26824   0.0425 270.5424 0000700 306.6568 353.1263  1.00272356 12811
ASTRA 2C                
1 26853U 01025A   23249.54870979 -.00000271  00000+0  00000+0 0  9990
2 26853   5.6601  74.9389 0002483  91.0511 304.4512  1.00272470 34872
USA 159 (DSP 21)        
1 26880U 01033A   23249.69674385 -.00000308  00000+0  00000+0 0  9999
2 26880  11.8294  23.0521 0001286 230.3587 293.6654  1.00265694 22797
INTELSAT 902 (IS-902)   
1 26900U 01039A   23250.05482744 -.00000295  00000+0  00000+0 0  9991
2 26900   3.5304  83.9536 0002663 116.0905 115.4858  1.00272120 80608
USA 164 (MILSTAR-2 3)   
1 27168U 02001A   23250.06857701  .00000089  00000+0  00000+0 0  9998
2 27168   9.9908  27.1368 0098413 354.8595   7.4727  1.00271469 21484
INTELSAT 904 (IS-904)   
1 27380U 02007A   23249.44187103 -.00000227  00000+0  00000+0 0  9997
2 27380   4.3545  81.0675 0002569  78.0263 315.7715  1.00263480 78916
NSS-7                   
1 27414U 02019A   23249.70248734 -.00000171  00000+0  00000+0 0  9993
2 27414   6.9421  67.4502 0002134 102.4679  48.5144  1.00272843 78384
DIRECTV 5 (TEMPO 1)     
1 27426U 02023A   23250.04290535 -.00000068  00000+0  00000+0 0  9991
2 27426   2.2636  87.8802 0003296  90.0734  73.2358  1.00267510 78137
INTELSAT 905 (IS-905)   
1 27438U 02027A   23249.70161712 -.00000197  00000+0  00000+0 0  9996
2 27438   4.1791  81.7523 0002442  88.6287  43.2379  1.00272625 41193
GALAXY 3C (G-3C)        
1 27445U 02030A   23250.19407605 -.00000164  00000+0  00000+0 0  9991
2 27445   1.1073  89.7914 0002923 140.6863  90.5553  1.00272273 77788
INTELSAT 906 (IS-906)   
1 27513U 02041A   23250.14924698  .00000001  00000+0  00000+0 0  9999
2 27513   3.2030  85.2718 0002736  86.0837 292.5129  1.00273521 76801
TDRS 10                 
1 27566U 02055A   23249.17081675  .00000078  00000+0  00000+0 0  9996
2 27566   9.0236  47.2911 0004344   0.2497 188.0743  1.00280182 76050
NIMIQ 2                 
1 27632U 02062A   23249.63241389 -.00000078  00000+0  00000+0 0  9990
2 27632   7.0495  66.9454 0006394 112.4619 284.5224  1.00270410 34017
USA 167                 
1 27691U 03008A   23249.60885100  .00000042  00000+0  00000+0 0  9998
2 27691   8.9233  51.5991 0001591 157.2724 225.5152  1.00271650 22789
USA 169 (MILSTAR-2 4)   
1 27711U 03012A   23249.64748912 -.00000207  00000+0  00000+0 0  9993
2 27711  10.7944  37.3214 0096443 355.8512 337.4943  1.00270102 22774
GALAXY 12 (G-12)        
1 27715U 03013B   23250.23479774  .00000083  00000+0  00000+0 0  9993
2 27715   4.3904  80.7740 0001909 107.3632 105.3621  1.00274629 74832
ASIASAT 4               
1 27718U 03014A   23249.94979840 -.00000233  00000+0  00000+0 0  9990
2 27718   2.0930  88.4823 0002852  67.6897 319.0651  1.00273965 74755
HELLAS-SAT 2            
1 27811U 03020A   23249.70457588 -.00000094  00000+0  00000+0 0  9990
2 27811   4.7999  79.7081 0006363 100.5511  48.9151  1.00272493 32676
THURAYA-2               
1 27825U 03026A   23250.07353730  .00000116  00000+0  00000+0 0  9991
2 27825   7.3124  34.5147 0002111 118.4832 263.3774  1.00271046 74171
OPTUS C1                
1 27831U 03028B   23250.00813149 -.00000163  00000+0  00000+0 0  9991
2 27831   4.3207  81.4456 0005433  92.6733 330.3617  1.00271375 74158
GALAXY 23 (G-23)        
1 27854U 03034A   23249.68238512  .00000001  00000+0  00000+0 0  9990
2 27854   0.5650  93.1835 0002731  72.1796 304.9225  1.00272646 73573
USA 170                 
1 27875U 03040A   23249.33972765 -.00000285  00000+0  00000+0 0  9992
2 27875   8.3243  56.6747 0004656 117.0061 251.5350  1.00271214 22792
GALAXY 13 (HORIZONS-1)  
1 27954U 03044A   23249.68125382  .00000037  00000+0  00000+0 0  9991
2 27954   0.0098 146.3938 0002147  35.3490 282.0166  1.00273573 36404
YAMAL 202               
1 28089U 03053A   23249.63667387 -.00000092  00000+0  00000+0 0  9994
2 28089   3.7582  83.0251 0005897  80.2419 214.8864  1.00272027 72526
UFO 11 (USA 174)        
1 28117U 03057A   23250.00809631 -.00000111  00000+0  00000+0 0  9995
2 28117   7.6270  37.3875 0004147 105.9568 280.6505  1.00270570 72250
USA 176 (DSP 22)        
1 28158U 04004A   23249.84025701 -.00000230  00000+0  00000+0 0  9993
2 28158  10.6773  32.7266 0001713 223.0211 119.7537  1.00275048 22755
ABS-4 (MOBISAT-1)       
1 28184U 04007A   23249.89771556  .00000028  00000+0  00000+0 0  9990
2 28184   3.4503  84.1259 0004639 103.0903 182.6690  1.00273569 42165
EUTELSAT 7A             
1 28187U 04008A   23249.67881719  .00000092  00000+0  00000+0 0  9994
2 28187   3.2352  83.7602 0003964  84.3341 282.5913  1.00269492 71184
AMC-11 (GE-11)          
1 28252U 04017A   23249.54357168 -.00000061  00000+0  00000+0 0  9996
2 28252   0.0546 300.1473 0001963 259.0409 230.7518  1.00271763 70530
INTELSAT 10-02          
1 28358U 04022A   23249.92124775 -.00000023  00000+0  00000+0 0  9995
2 28358   0.0416 271.5437 0000885 284.2994 120.5576  1.00268580 70459
ANIK F2                 
1 28378U 04027A   23250.04264428 -.00000061  00000+0  00000+0 0  9999
2 28378   0.6606  92.5432 0002498  50.4940 107.0504  1.00272201 70186
AMC-15                  
1 28446U 04041A   23250.04386260 -.00000100  00000+0  00000+0 0  9994
2 28446   0.0544 300.8904 0002418 207.5227 108.1812  1.00272094 69172
NSS-10 (AMC-12)         
1 28526U 05003A   23249.48405197 -.00000263  00000+0  00000+0 0  9999
2 28526   3.8960  82.4458 0002876  71.9131 327.7665  1.00272946 68143
XTAR-EUR                
1 28542U 05005A   23249.21085059  .00000139  00000+0  00000+0 0  9992
2 28542   1.7093  89.3412 0003167  91.2574 269.3487  1.00273463 68015
XM-3 (RHYTHM)           
1 28626U 05008A   23250.04786564 -.00000217  00000+0  00000+0 0  9998
2 28626   0.0362 311.8762 0000026 224.4450 101.6744  1.00272010 67890
INMARSAT 4-F1           
1 28628U 05009A   23249.87835854 -.00000271  00000+0  00000+0 0  9997
2 28628   3.9842  39.1398 0002921 143.8810 262.3992  1.00272110 67499
DIRECTV 8               
1 28659U 05019A   23249.62699139 -.00000010  00000+0  00000+0 0  9990
2 28659   0.0167 131.0710 0002690  50.5560 270.5052  1.00273292 66893
GALAXY 28 (G-28)        
1 28702U 05022A   23249.61711815 -.00000197  00000+0  00000+0 0  9994
2 28702   0.6689  91.0553 0003621 141.7847 245.7865  1.00271568 41818
THAICOM 4               
1 28786U 05028A   23250.08104736 -.00000374  00000+0  00000+0 0  9990
2 28786   0.0207 140.6069 0002051  41.5827 312.3943  1.00269430 66151
GALAXY 14 (G-14)        
1 28790U 05030A   23249.71301707  .00000143  00000+0  00000+0 0  9996
2 28790   2.3941  87.2154 0001402  87.9796  99.9382  1.00268938 66130
ANIK F1R                
1 28868U 05036A   23250.04342750 -.00000086  00000+0  00000+0 0  9996
2 28868   1.6947  89.0102 0002175  61.4097 103.7675  1.00272526 65985
SYRACUSE 3A             
1 28885U 05041B   23249.89077094  .00000117  00000+0  00000+0 0  9992
2 28885   2.0391  88.3222 0002762  92.0388 173.0088  1.00271926 65578
INMARSAT 4-F2           
1 28899U 05044A   23250.07754035 -.00000001  00000+0  00000+0 0  9992
2 28899   3.8614  40.7036 0002798 141.6714 255.3345  1.00272230 65331
SPACEWAY 2              
1 28903U 05046B   23250.03716186  .00000091  00000+0  00000+0 0  9999
2 28903   2.9310  83.5092 0000198 259.2949 237.5100  1.00271875 65329
METEOSAT-9 (MSG-2)      
1 28912U 05049B   23249.81438137  .00000114  00000+0  00000+0 0  9999
2 28912   7.0295  63.1322 0002639 182.1853  79.2658  1.00276594 64878
EUTELSAT 174A           
1 28924U 05052A   23249.73868747 -.00000002  00000+0  00000+0 0  9998
2 28924   1.6304  88.7866 0006046  79.4656 257.2156  1.00272318 42151
ECHOSTAR 10             
1 28935U 06003A   23249.68456069 -.00000066  00000+0  00000+0 0  9991
2 28935   0.0561 291.1089 0002028 195.9405 354.7232  1.00270704 64306
SPAINSAT                
1 28945U 06007A   23249.12505824 -.00000227  00000+0  00000+0 0  9998
2 28945   0.0466 249.9295 0005053 292.7193 177.3463  1.00272394 64045
EUTELSAT HOTBIRD 13E    
1 28946U 06007B   23249.70910105  .00000076  00000+0  00000+0 0  9996
2 28946   0.0528 172.2319 0007338   7.5952  73.9719  1.00271885 64154
JCSAT-5A                
1 29045U 06010A   23250.01940927 -.00000339  00000+0  00000+0 0  9995
2 29045   0.0485 265.8439 0001776 323.7553 255.2799  1.00272389 63779
ASTRA 1KR               
1 29055U 06012A   23250.06857701  .00000109  00000+0  00000+0 0  9994
2 29055   0.0789 279.1805 0004408 281.4081 189.1607  1.00274235 63576
EWS-G1 (GOES 13)        
1 29155U 06018A   23250.06438163  .00000026  00000+0  00000+0 0  9996
2 29155   1.7185  90.5995 0004974 120.0815 219.7134  1.00274447 63346
EUTELSAT 113 WEST A     
1 29162U 06020A   23249.63023064 -.00000048  00000+0  00000+0 0  9993
2 29162   0.0536 285.9852 0003024 242.8348 290.5230  1.00271858 63300
GALAXY 16 (G-16)        
1 29236U 06023A   23249.90176763 -.00000139  00000+0  00000+0 0  9994
2 29236   0.0489 262.0136 0003000 277.8656  31.4837  1.00273481 63099
EUTELSAT HOTBIRD 13B    
1 29270U 06032A   23250.06735869  .00000075  00000+0  00000+0 0  9997
2 29270   0.0634  29.7315 0003093 158.8271 194.5789  1.00269577 62692
JCSAT-3A                
1 29272U 06033A   23249.82063094 -.00000356  00000+0  00000+0 0  9999
2 29272   0.0178 115.0983 0002005  61.3280 232.6454  1.00271530 37560
SYRACUSE 3B             
1 29273U 06033B   23250.06379076 -.00000055  00000+0  00000+0 0  9994
2 29273   0.2877  93.6088 0004090  82.3081 187.7360  1.00272878 62586
KOREASAT 5 (MUGUNGWHA 5)
1 29349U 06034A   23249.86349544 -.00000370  00000+0  00000+0 0  9992
2 29349   0.0142 183.1348 0001934   5.6333 220.8220  1.00271618 31142
DIRECTV 9S              
1 29494U 06043A   23249.61468152 -.00000124  00000+0  00000+0 0  9990
2 29494   0.2116 276.6067 0002987 258.0935 290.8170  1.00271923 41201
OPTUS D1                
1 29495U 06043B   23249.89771569 -.00000195  00000+0  00000+0 0  9998
2 29495   0.4048  92.0586 0003714  80.2167 288.6195  1.00272982 61957
XM-4 (BLUES)            
1 29520U 06049A   23249.69874538 -.00000267  00000+0  00000+0 0  9991
2 29520   0.1998 102.8813 0000314 195.4023 259.7905  1.00270140 41313
BADR-4                  
1 29526U 06051A   23249.71171174  .00000133  00000+0  00000+0 0  9990
2 29526   0.0454 331.4252 0003742 254.8438  41.4462  1.00272191 41097
WILDBLUE-1              
1 29643U 06054A   23250.04264428 -.00000060  00000+0  00000+0 0  9996
2 29643   0.1729  97.4252 0001488  65.9022  86.7029  1.00271275 61373
AMC-18                  
1 29644U 06054B   23249.54662125 -.00000227  00000+0  00000+0 0  9991
2 29644   0.0505 301.3767 0002298 230.2340 287.5434  1.00271215 61356
SKYNET 5A               
1 30794U 07007B   23249.91716124 -.00000284  00000+0  00000+0 0  9991
2 30794   2.6958  85.7108 0003437  87.6639 237.7718  1.00272050 60525
ANIK F3                 
1 31102U 07009A   23249.62699576 -.00000012  00000+0  00000+0 0  9995
2 31102   0.0146 114.5987 0001752  61.4178 276.4310  1.00272498 36383
ASTRA 1L                
1 31306U 07016A   23250.06857701  .00000108  00000+0  00000+0 0  9990
2 31306   0.0899 300.1491 0002859 276.2595 173.3462  1.00274076 59871
GALAXY 17 (G-17)        
1 31307U 07016B   23249.61790135 -.00000217  00000+0  00000+0 0  9999
2 31307   0.3853  93.2757 0003263 107.8074 281.7950  1.00271874 59634
ZHONGXING-6B            
1 31800U 07031A   23249.86743074 -.00000373  00000+0  00000+0 0  9994
2 31800   0.0254 230.1315 0003616 319.4388 223.8867  1.00268679 59258
DIRECTV 10              
1 31862U 07032A   23250.04429771 -.00000115  00000+0  00000+0 0  9994
2 31862   0.0395 330.1991 0000310 239.0925  49.7084  1.00272199 59231
SPACEWAY 3              
1 32018U 07036A   23250.04586412 -.00000163  00000+0  00000+0 0  9991
2 32018   1.3676  88.5236 0000297 264.9280 273.9618  1.00271852 58959
BSAT-3A                 
1 32019U 07036B   23250.01497110 -.00000362  00000+0  00000+0 0  9996
2 32019   0.0874 256.0738 0004597 309.5118 255.4812  1.00270580 58899
OPTUS D2                
1 32252U 07044A   23249.92340823 -.00000122  00000+0  00000+0 0  9994
2 32252   0.0465 295.2183 0003440 232.8273 310.1206  1.00271985 58402
INTELSAT 11 (IS-11)     
1 32253U 07044B   23249.69796216 -.00000280  00000+0  00000+0 0  9995
2 32253   0.9242  91.2983 0003362  91.0624  11.4237  1.00271315 58328
WGS F1 (USA 195)        
1 32258U 07046A   23250.06596633  .00000030  00000+0  00000+0 0  9998
2 32258   0.0151 160.1598 0000505  55.1787 160.2847  1.00273718 58158
SKYNET 5B               
1 32294U 07056B   23249.71145067  .00000129  00000+0  00000+0 0  9999
2 32294   2.6522  85.2040 0003763  77.3468 104.2086  1.00271614 58020
ASTRA 4A (SIRIUS 4)     
1 32299U 07057A   23250.06570527  .00000021  00000+0  00000+0 0  9999
2 32299   0.0511 296.8470 0002785 243.0886 194.4082  1.00271193 57793
HORIZONS-2              
1 32388U 07063B   23249.54844872 -.00000264  00000+0  00000+0 0  9993
2 32388   0.0182 126.6130 0002024  46.9169 295.4760  1.00273439 57643
THURAYA-3               
1 32404U 08001A   23249.91716124 -.00000313  00000+0  00000+0 0  9999
2 32404   4.4865  29.5316 0001983 136.5278 248.3556  1.00271108 57321
THOR 5                  
1 32487U 08006A   23249.88710022 -.00000021  00000+0  00000+0 0  9998
2 32487   0.0488 265.1520 0002538 277.1524 122.0126  1.00270818 57130
AMC-14                  
1 32708U 08011A   23249.56673205  .00000063  00000+0  00000+0 0  9991
2 32708  22.7020  32.7303 0033909   5.2262 168.9986  1.00277659 57987
DIRECTV 11              
1 32729U 08013A   23249.61511663 -.00000137  00000+0  00000+0 0  9994
2 32729   0.0415 356.7193 0000674 172.3725 298.6034  1.00272513 35420
ICO G1                  
1 32763U 08016A   23249.50287500 -.00000183  00000+0  00000+0 0  9994
2 32763   4.5120  32.3470 0002396 118.3152 282.8522  1.00273492 56294
VINASAT-1               
1 32767U 08018A   23249.94770264 -.00000340  00000+0  00000+0 0  9997
2 32767   0.0390 321.6785 0002028 233.3571 263.8434  1.00273399 56428
STAR ONE C2             
1 32768U 08018B   23250.05186867 -.00000288  00000+0  00000+0 0  9993
2 32768   0.0428 319.6639 0002823 225.9882 113.8928  1.00271480 56376
AMOS-3                  
1 32794U 08022A   23249.87243162 -.00000046  00000+0  00000+0 0  9999
2 32794   0.0144 138.6508 0002850  24.8162 132.1706  1.00272797 72166
GALAXY 18 (G-18)        
1 32951U 08024A   23249.96867508  .00000013  00000+0  00000+0 0  9995
2 32951   0.0141 206.2816 0003465 334.2682  30.9646  1.00274393 55916
CHINASAT 9 (ZX 9)       
1 33051U 08028A   23249.91716124 -.00000259  00000+0  00000+0 0  9996
2 33051   0.0093 170.5518 0005166  11.7969 225.7786  1.00271993 55867
SKYNET 5C               
1 33055U 08030A   23249.98956049 -.00000151  00000+0  00000+0 0  9993
2 33055   1.1706  87.7823 0004577  84.9611 151.5152  1.00271467 55727
TURKSAT 3A              
1 33056U 08030B   23249.76716141  .00000134  00000+0  00000+0 0  9997
2 33056   0.0228 130.7743 0004910  28.5501 144.4389  1.00274766 42182
INTELSAT 25 (IS-25)     
1 33153U 08034A   23249.70022476 -.00000235  00000+0  00000+0 0  9997
2 33153   0.0809  90.2921 0002959  84.0103  31.7963  1.00270995 55527
BADR-6                  
1 33154U 08034B   23249.71171174  .00000133  00000+0  00000+0 0  9995
2 33154   0.2234  82.4162 0002718  62.4266 122.9184  1.00274866 55579
ECHOSTAR 11             
1 33207U 08035A   23250.04290535 -.00000068  00000+0  00000+0 0  9994
2 33207   0.0524 283.5748 0002704 230.5716  97.1696  1.00272989 55480
SUPERBIRD-C2            
1 33274U 08038A   23250.02619063 -.00000262  00000+0  00000+0 0  9996
2 33274   0.0140 125.2957 0001772  43.9463 329.9814  1.00271484 55219
AMC-21                  
1 33275U 08038B   23249.68160191  .00000025  00000+0  00000+0 0  9996
2 33275   0.3179  95.3246 0003019  84.7697 285.8789  1.00272545 55323
INMARSAT 4-F3           
1 33278U 08039A   23249.56403823 -.00000151  00000+0  00000+0 0  9990
2 33278   3.5135  24.6316 0002804 147.9810 277.8473  1.00272234 36376
NIMIQ 4                 
1 33373U 08044A   23249.61851052 -.00000231  00000+0  00000+0 0  9998
2 33373   0.0255 242.6617 0002227 286.6699 316.7739  1.00271006 54811
GALAXY 19 (G-19)        
1 33376U 08045A   23249.61555175 -.00000150  00000+0  00000+0 0  9999
2 33376   0.0153 122.7864 0002808  52.0342 295.2153  1.00271029 54735
ASTRA 1M                
1 33436U 08057A   23249.71031938  .00000108  00000+0  00000+0 0  9998
2 33436   0.0142 118.4789 0005013  40.3995 101.5348  1.00272060 35553
CIEL-2                  
1 33453U 08063A   23249.68081872  .00000047  00000+0  00000+0 0  9994
2 33453   0.1381  97.6200 0002812  71.9876 292.1384  1.00273311 53968
EUTELSAT HOTBIRD 13C    
1 33459U 08065A   23250.06231139 -.00000112  00000+0  00000+0 0  9993
2 33459   0.3269  86.6538 0004741 102.0199 167.1379  1.00271881 54078
EUTELSAT 48D            
1 33460U 08065B   23249.70631633 -.00000193  00000+0  00000+0 0  9996
2 33460   2.6835  86.3790 0002713  25.7680 126.6915  0.98764299 53772
FENGYUN 2E              
1 33463U 08066A   23249.98799501 -.00000210  00000+0  00000+0 0  9999
2 33463   6.9022  62.3980 0001355 186.0057 179.3121  1.00263198 53922
EXPRESS-AM44            
1 33595U 09007A   23250.06257245 -.00000100  00000+0  00000+0 0  9994
2 33595   0.8390  90.2668 0003921  80.0334 187.0931  1.00272193 53362
NSS-9                   
1 33749U 09008A   23249.64933199  .00000060  00000+0  00000+0 0  9991
2 33749   0.0518 303.8137 0002058 223.3928 235.0826  1.00271698 53346
EUTELSAT 33E            
1 33750U 09008B   23249.71310410  .00000144  00000+0  00000+0 0  9999
2 33750   0.0700  81.7508 0003977  83.7989 109.7718  1.00272787 53270
TELSTAR 11N             
1 34111U 09009A   23250.05735111 -.00000262  00000+0  00000+0 0  9992
2 34111   0.0167 150.6308 0002399   5.7502 172.5744  1.00271069 53252
EUTELSAT 10A            
1 34710U 09016A   23250.06674954  .00000056  00000+0  00000+0 0  9993
2 34710   0.3709  90.8224 0006584  59.8274 229.2797  1.00269163 52800
WGS F2 (USA 204)        
1 34713U 09017A   23249.76160427  .00000056  00000+0  00000+0 0  9997
2 34713   0.0090 148.7201 0000280 100.4280  68.1047  1.00272587 35441
SES-7 (PROTOSTAR 2)     
1 34941U 09027A   23249.85840888 -.00000357  00000+0  00000+0 0  9992
2 34941   0.0142  85.5469 0002271 140.4405 176.9697  1.00271404 52446
MEASAT-3A               
1 35362U 09032A   23250.08302278 -.00000253  00000+0  00000+0 0  9994
2 35362   0.0534 239.6465 0003753 326.1614 261.4702  1.00269873 52060
GOES 14                 
1 35491U 09033A   23250.04316641 -.00000077  00000+0  00000+0 0  9997
2 35491   0.4300 265.8551 0004165 225.1173 121.8538  1.00272247 51986
FM-5                    
1 35493U 09034A   23249.61772730 -.00000211  00000+0  00000+0 0  9996
2 35493   0.0142 206.4723 0000410   7.5901 267.6172  1.00271259 36461
TERRESTAR-1             
1 35496U 09035A   23249.63200536 -.00000067  00000+0  00000+0 0  9991
2 35496   3.9023  45.2573 0002686 121.4207 295.3332  1.00271123 51966
ASIASAT 5               
1 35696U 09042A   23250.01314362 -.00000319  00000+0  00000+0 0  9998
2 35696   0.0077 191.3665 0001293 311.6064 308.1154  1.00271667 51505
JCSAT-12 (JCSAT-RA)     
1 35755U 09044A   23250.07549278 -.00000339  00000+0  00000+0 0  9990
2 35755   0.0060 157.6043 0001482   9.3016 338.2186  1.00270840 51495
OPTUS D3                
1 35756U 09044B   23249.89771569 -.00000159  00000+0  00000+0 0  9999
2 35756   0.0475 331.1937 0002391 196.6343 297.0606  1.00270319 51399
NIMIQ 5                 
1 35873U 09050A   23249.54870979 -.00000268  00000+0  00000+0 0  9994
2 35873   0.0521 278.6431 0002792 263.0725 288.5038  1.00271416 51183
AMAZONAS 2              
1 35942U 09054A   23250.05265187 -.00000294  00000+0  00000+0 0  9991
2 35942   0.0226 144.5589 0004998  14.8961 144.3868  1.00271916 51007
COMSATBW-1              
1 35943U 09054B   23249.75604711  .00000013  00000+0  00000+0 0  9995
2 35943   0.0449 101.9507 0002593  88.7806 130.0281  1.00270981 51124
NSS-12                  
1 36032U 09058A   23249.90119005  .00000060  00000+0  00000+0 0  9995
2 36032   0.0521 295.4879 0002653 237.1760 194.4783  1.00272091 50744
THOR 6                  
1 36033U 09058B   23249.88440021 -.00000021  00000+0  00000+0 0  9996
2 36033   0.0189 223.7015 0002603 340.5206  99.0124  1.00273025 50837
INTELSAT 14 (IS-14)     
1 36097U 09064A   23249.69752705 -.00000285  00000+0  00000+0 0  9999
2 36097   0.0186 131.3114 0002307  65.0875 355.2383  1.00272037 50432
EUTELSAT 36B            
1 36101U 09065A   23249.71362623  .00000144  00000+0  00000+0 0  9998
2 36101   0.0681 359.9216 0005064 171.6903 106.6970  1.00271927 50547
INTELSAT 15 (IS-15)     
1 36106U 09067A   23250.08171743 -.00000197  00000+0  00000+0 0  9997
2 36106   0.0117 263.2700 0002429 282.6270 274.5661  1.00271836 50432
WGS F3 (USA 211)        
1 36108U 09068A   23249.98460021 -.00000279  00000+0  00000+0 0  9998
2 36108   0.2176  91.7375 0000789 128.6725  77.0559  1.00274718 50337
DIRECTV 12              
1 36131U 09075A   23250.04438473 -.00000115  00000+0  00000+0 0  9996
2 36131   0.0163 332.4664 0000391 161.2953 125.3538  1.00272367 50217
BEIDOU-2 G1             
1 36287U 10001A   23249.80813160 -.00000292  00000+0  00000+0 0  9997
2 36287   2.0176  52.2008 0003203 314.3577  50.4316  1.00270242 50001
RADUGA-1M 2             
1 36358U 10002A   23249.84036463 -.00000196  00000+0  00000+0 0  9997
2 36358   0.9813  92.5724 0003552  73.2996 207.3346  1.00271235 39916
SDO                     
1 36395U 10005A   23249.11286226 -.00000087  00000+0  00000+0 0  9994
2 36395  32.5353 102.0753 0001365 197.3359 344.2258  1.00275499 49883
INTELSAT 16 (IS-16)     
1 36397U 10006A   23249.54801360 -.00000256  00000+0  00000+0 0  9994
2 36397   0.0124 253.3669 0002376 298.8918 274.1941  1.00271342 49487
EWS-G2 (GOES 15)        
1 36411U 10008A   23249.82624912 -.00000367  00000+0  00000+0 0  9993
2 36411   0.4062 275.2121 0004380 305.9568 184.5046  0.99982187 49475
ECHOSTAR 14             
1 36499U 10010A   23250.04116490 -.00000011  00000+0  00000+0 0  9991
2 36499   0.0159 185.5820 0002503 341.3490  74.8471  1.00267622 49360
SES-1                   
1 36516U 10016A   23249.61476854 -.00000126  00000+0  00000+0 0  9998
2 36516   0.0549 295.9307 0002346 247.2580 282.5690  1.00272088 48876
ASTRA 3B                
1 36581U 10021A   23249.71118959  .00000126  00000+0  00000+0 0  9995
2 36581   0.0542  26.1451 0003828 126.5885 112.3229  1.00273966 48704
COMSATBW-2              
1 36582U 10021B   23249.70910105  .00000077  00000+0  00000+0 0  9993
2 36582   0.0368  88.8382 0002637 104.3089  60.8392  1.00272890 48787
BEIDOU-2 G3             
1 36590U 10024A   23249.72232848 -.00000147  00000+0  00000+0 0  9997
2 36590   2.1817  56.7451 0006340 358.6943 269.7844  1.00272174 48593
BADR-5                  
1 36592U 10025A   23249.71171174  .00000134  00000+0  00000+0 0  9998
2 36592   0.0234 147.6813 0005717  22.8287  97.2403  1.00276501 43043
COMS 1                  
1 36744U 10032A   23249.82063094 -.00000357  00000+0  00000+0 0  9996
2 36744   2.2142  87.8823 0000977 111.7095 209.6117  1.00271327 40913
ARABSAT-5A              
1 36745U 10032B   23249.71258196  .00000142  00000+0  00000+0 0  9995
2 36745   0.0649  51.5435 0004533  93.0929 127.9088  1.00271032 48470
ECHOSTAR 15             
1 36792U 10034A   23250.05256486 -.00000293  00000+0  00000+0 0  9996
2 36792   0.0520 288.3866 0001994 214.8689 159.8689  1.00267333 48225
BEIDOU-2 IGSO-1         
1 36828U 10036A   23249.77415300 -.00000144  00000+0  00000+0 0  9992
2 36828  54.2364 172.1501 0036733 189.0125  10.0387  1.00252775 48031
NILESAT 201             
1 36830U 10037A   23249.99173605 -.00000069  00000+0  00000+0 0  9995
2 36830   0.0237 180.3608 0005619 354.8910 160.5762  1.00271921 48126
RASCOM-QAF 1R           
1 36831U 10037B   23249.70709955  .00000007  00000+0  00000+0 0  9999
2 36831   0.0277 122.3705 0005490  50.8344  69.7594  1.00271785 48127
AEHF-1 (USA 214)        
1 36868U 10039A   23249.70736060  .00000014  00000+0  00000+0 0  9996
2 36868   5.6547  80.9210 0006242  66.5280  96.8420  1.00276369 43483
XM-5                    
1 37185U 10053A   23249.68360344 -.00000034  00000+0  00000+0 0  9993
2 37185   0.0138 121.4565 0000607 137.7833 217.1606  1.00271288 47314
BSAT-3B                 
1 37207U 10056B   23249.98243792 -.00000362  00000+0  00000+0 0  9995
2 37207   0.0975 295.2477 0001786 331.3871 182.6927  1.00270602 47101
BEIDOU-2 G4             
1 37210U 10057A   23249.93729936 -.00000124  00000+0  00000+0 0  9990
2 37210   1.1817  60.9985 0006246 154.1425 267.9577  1.00271487 47116
SKYTERRA 1              
1 37218U 10061A   23249.62067389 -.00000128  00000+0  00000+0 0  9990
2 37218   3.0925  44.2528 0002419 169.2814 254.0377  1.00271942 47021
HYLAS 1                 
1 37237U 10065A   23249.93729936 -.00000126  00000+0  00000+0 0  9990
2 37237   3.0441  85.2266 0002346 105.1136 292.4483  1.00272447 46848
INTELSAT 17 (IS-17)     
1 37238U 10065B   23249.83730003 -.00000013  00000+0  00000+0 0  9992
2 37238   0.0180 203.9313 0002819 334.3199 174.8518  1.00270870 43069
BEIDOU-2 IGSO-2         
1 37256U 10068A   23249.97117787 -.00000176  00000+0  00000+0 0  9998
2 37256  49.4029 284.2713 0032599 212.0312 307.1819  1.00283328 46612
EUTELSAT KA-SAT 9A      
1 37258U 10069A   23250.06657550  .00000050  00000+0  00000+0 0  9990
2 37258   0.0509 296.4761 0004250 213.7854 228.6294  1.00272047 46654
HISPASAT 30W-5          
1 37264U 10070A   23250.05883049 -.00000227  00000+0  00000+0 0  9999
2 37264   0.0179 134.9932 0005186  28.4892 173.5814  1.00272537 46494
KOREASAT 6              
1 37265U 10070B   23249.86743073 -.00000374  00000+0  00000+0 0  9992
2 37265   0.0095 145.7110 0002280  65.9667 202.2986  1.00274212 46591
BEIDOU-2 IGSO-3         
1 37384U 11013A   23249.37009854 -.00000170  00000+0  00000+0 0  9994
2 37384  60.9436  49.8730 0027874 174.1193   2.5117  1.00281317 45480
INTELSAT NEW DAWN       
1 37392U 11016A   23250.07127472  .00000144  00000+0  00000+0 0  9992
2 37392   0.0466 265.5681 0001225 288.6811 210.0877  1.00271355 45355
YAHSAT 1A               
1 37393U 11016B   23250.06438163  .00000090  00000+0  00000+0 0  9994
2 37393   0.0183 150.0203 0001496   4.3332 267.1944  1.00270857 45399
SBIRS GEO-1 (USA 230)   
1 37481U 11019A   23249.78521767 -.00000015  00000+0  00000+0 0  9993
2 37481   2.4790  42.3331 0001731 130.2948 161.3651  1.00272347 45224
TELSTAR 14R             
1 37602U 11021A   23249.47900465 -.00000291  00000+0  00000+0 0  9999
2 37602   0.0144 221.3430 0000722  17.6386 215.7539  1.00271624 45617
GSAT-8                  
1 37605U 11022A   23250.06438163  .00000073  00000+0  00000+0 0  9998
2 37605   0.0229 123.0016 0005264 126.5451 174.5726  1.00271772 45075
ST-2                    
1 37606U 11022B   23249.84136370 -.00000222  00000+0  00000+0 0  9995
2 37606   0.0114 210.1024 0002323  34.8171 131.6183  1.00267959 45106
CHINASAT 10 (ZX 10)     
1 37677U 11026A   23249.86111414 -.00000364  00000+0  00000+0 0  9998
2 37677   0.0893 274.3121 0002835 264.8139 227.0369  1.00269873 44826
TIANLIAN 1-02           
1 37737U 11032A   23249.88305778 -.00000061  00000+0  00000+0 0  9996
2 37737   2.6988  72.8439 0083193   6.5561  31.2168  1.00273002 44556
SES-3                   
1 37748U 11035A   23249.63585610 -.00000113  00000+0  00000+0 0  9997
2 37748   0.0526 306.0359 0002756 209.0281 316.3059  1.00271020 44426
KAZSAT-2                
1 37749U 11035B   23249.65210124 -.00000209  00000+0  00000+0 0  9991
2 37749   0.0141 112.5089 0000484 111.8796  82.3476  1.00271022 43218
BEIDOU-2 IGSO-4         
1 37763U 11038A   23249.79289836 -.00000132  00000+0  00000+0 0  9996
2 37763  54.5105 174.6919 0112136 228.1408 323.7895  1.00273668 44462
ASTRA 1N                
1 37775U 11041A   23249.71031938  .00000108  00000+0  00000+0 0  9995
2 37775   0.0541   4.4990 0002565  91.9410 163.9799  1.00271945 34357
BSAT-3C (JCSAT-110R)    
1 37776U 11041B   23249.86111416 -.00000362  00000+0  00000+0 0  9995
2 37776   0.0487 317.7601 0000056 259.5801 188.2917  1.00270702 40309
PAKSAT-1R               
1 37779U 11042A   23249.84979917  .00000142  00000+0  00000+0 0  9990
2 37779   0.0213  84.5312 0000483  42.1131 202.8563  1.00272709 44306
CHINASAT 1A (ZX 1A)     
1 37804U 11047A   23249.61677007 -.00000154  00000+0  00000+0 0  9998
2 37804   1.0856  91.5702 0000658  79.2478 305.6759  1.00045181 17186
SES-2                   
1 37809U 11049A   23249.83116291 -.00000207  00000+0  00000+0 0  9991
2 37809   0.0471 303.7999 0002716 233.1217  20.9575  1.00271846 43785
ARABSAT-5C              
1 37810U 11049B   23250.06875108  .00000112  00000+0  00000+0 0  9993
2 37810   0.0573 356.5764 0007089 185.2905 208.7853  1.00269483 43740
EUTELSAT 7 WEST A       
1 37816U 11051A   23250.06335566 -.00000072  00000+0  00000+0 0  9997
2 37816   0.0638 351.6818 0006141 191.4468 178.2570  1.00270984 43807
QUETZSAT 1              
1 37826U 11054A   23249.54783956 -.00000253  00000+0  00000+0 0  9993
2 37826   0.0501 301.0168 0002264 226.2125 298.3797  1.00272510 39710
INTELSAT 18 (IS-18)     
1 37834U 11056A   23249.78382638  .00000042  00000+0  00000+0 0  9997
2 37834   0.0212 136.7411 0001984  51.8735 259.1786  1.00273440 43631
EUTELSAT 16A            
1 37836U 11057A   23249.70971022  .00000093  00000+0  00000+0 0  9999
2 37836   0.0690 352.4946 0005086 174.0778  90.4802  1.00274535 35794
VIASAT-1                
1 37843U 11059A   23249.61189679 -.00000035  00000+0  00000+0 0  9995
2 37843   0.0167 155.6797 0002179  14.1273 280.7927  1.00273375 37146
ASIASAT 7               
1 37933U 11069A   23249.85345994 -.00000345  00000+0  00000+0 0  9990
2 37933   0.0109 182.7205 0001617 346.7485 228.9275  1.00268943 34683
BEIDOU-2 IGSO-5         
1 37948U 11073A   23249.57976450 -.00000132  00000+0  00000+0 0  9991
2 37948  49.5287 283.9441 0095231 220.2679 145.9051  1.00272248 43230
LUCH-5A                 
1 37951U 11074B   23249.88305778 -.00000058  00000+0  00000+0 0  9996
2 37951   6.1494  89.6502 0004723  65.0852 315.9691  1.00275122 43026
NIGCOMSAT 1R            
1 38014U 11077A   23249.84979917  .00000133  00000+0  00000+0 0  9991
2 38014   0.0304 304.2331 0002781   3.8425  25.9908  1.00272337 42780
FENGYUN 2F              
1 38049U 12002A   23249.86358764 -.00000369  00000+0  00000+0 0  9993
2 38049   4.8860  75.9053 0001903  82.4489 250.1392  1.00279389 42703
WGS F4 (USA 233)        
1 38070U 12003A   23249.98799501 -.00000226  00000+0  00000+0 0  9991
2 38070   0.0135 139.7449 0000967 113.9058 176.2601  1.00269404 42550
SES-4                   
1 38087U 12007A   23249.91707067 -.00000180  00000+0  00000+0 0  9991
2 38087   0.0228  80.7916 0002427  88.9989 124.0882  1.00270497 42312
BEIDOU-2 G5             
1 38091U 12008A   23249.89771556  .00000045  00000+0  00000+0 0  9997
2 38091   1.7154  68.4722 0003363 173.1301 125.9600  1.00273772 42199
MUOS-1                  
1 38093U 12009A   23250.04481985 -.00000137  00000+0  00000+0 0  9996
2 38093   3.5509  41.3057 0052988   3.7069 216.9511  1.00270275 42289
INTELSAT 22 (IS-22)     
1 38098U 12011A   23249.83730003 -.00000070  00000+0  00000+0 0  9993
2 38098   0.0284 139.9457 0002820  39.6045 179.6280  1.00271085 41643
APSTAR 7                
1 38107U 12013A   23250.08006400 -.00000113  00000+0  00000+0 0  9990
2 38107   0.0091 153.6242 0003185  38.4116 259.1901  1.00272172 42009
YAHSAT 1B               
1 38245U 12016A   23250.05743699  .00000115  00000+0  00000+0 0  9992
2 38245   0.0131 120.5842 0001314  22.1176 271.4451  1.00269298 41757
AEHF-2 (USA 235)        
1 38254U 12019A   23250.04603816 -.00000171  00000+0  00000+0 0  9993
2 38254   4.3120  62.1350 0003114 125.7183  80.3789  1.00270355 41505
JCSAT-13                
1 38331U 12023A   23249.82678700 -.00000368  00000+0  00000+0 0  9990
2 38331   0.0256 244.9470 0002472 293.0831 229.2725  1.00271425 41358
VINASAT-2               
1 38332U 12023B   23250.03174521 -.00000340  00000+0  00000+0 0  9998
2 38332   0.0469 303.8952 0002027 226.4163 318.8085  1.00270482 41445
NIMIQ 6                 
1 38342U 12026A   23249.54505483 -.00000185  00000+0  00000+0 0  9998
2 38342   0.0529 287.3968 0002538 250.9558 272.1282  1.00271507 40240
CHINASAT 2A (ZX 2A)     
1 38352U 12028A   23250.08432811 -.00000304  00000+0  00000+0 0  9999
2 38352   0.0423 320.7196 0003221 351.5742 162.2138  1.00271996 41479
INTELSAT 19 (IS-19)     
1 38356U 12030A   23249.75535491 -.00000068  00000+0  00000+0 0  9993
2 38356   0.0180 127.9921 0003156  54.8229 240.6870  1.00270476 40268
ECHOSTAR 17             
1 38551U 12035A   23249.61355022 -.00000087  00000+0  00000+0 0  9991
2 38551   0.0181 154.3392 0002144  11.7681 293.1060  1.00272187 40896
METEOSAT-10 (MSG-3)     
1 38552U 12035B   23249.70649038 -.00000019  00000+0  00000+0 0  9990
2 38552   2.3403  57.3945 0000328  51.3437 131.1369  1.00264901 40681
SES-5                   
1 38652U 12036A   23250.06579229  .00000022  00000+0  00000+0 0  9990
2 38652   0.0502 310.6396 0001904 219.9727 203.9268  1.00272248 40901
TIANLIAN 1-03           
1 38730U 12040A   23249.71058045  .00000112  00000+0  00000+0 0  9990
2 38730   3.1480  85.9243 0005555  27.9982 147.8138  1.00270513 38560
INTELSAT 20 (IS-20)     
1 38740U 12043A   23249.83730003 -.00000036  00000+0  00000+0 0  9994
2 38740   0.0185 143.0929 0001860  29.8619 182.6379  1.00270048 40570
HYLAS 2                 
1 38741U 12043B   23250.07092663  .00000143  00000+0  00000+0 0  9994
2 38741   0.0222 134.2823 0001658  49.6238 218.5567  1.00270897 40682
INTELSAT 21 (IS-21)     
1 38749U 12045A   23250.05326103 -.00000296  00000+0  00000+0 0  9991
2 38749   0.0204 122.1726 0002318  58.0999 126.7699  1.00271230 40464
ASTRA 2F                
1 38778U 12051A   23250.07040449  .00000139  00000+0  00000+0 0  9993
2 38778   0.0919 256.9821 0004270 310.4034 192.0386  1.00275654 40121
GSAT-10                 
1 38779U 12051B   23249.79491201 -.00000177  00000+0  00000+0 0  9990
2 38779   0.0546 272.5454 0001992 339.4283 102.8196  1.00271086 39940
INTELSAT 23 (IS-23)     
1 38867U 12057A   23249.44425017 -.00000296  00000+0  00000+0 0  9990
2 38867   0.0530 259.4441 0001559 278.1910 274.5768  1.00269024 39767
BEIDOU-2 G6             
1 38953U 12059A   23249.83878171 -.00000186  00000+0  00000+0 0  9992
2 38953   1.8316  81.9409 0007038 311.0812 338.5665  1.00268839 39739
LUCH-5B                 
1 38977U 12061A   23249.70327054 -.00000147  00000+0  00000+0 0  9993
2 38977   8.2606  59.1039 0005821 111.5391  51.7577  1.00273298 39446
YAMAL 300K              
1 38978U 12061B   23249.64933133  .00000060  00000+0  00000+0 0  9991
2 38978   0.0160 105.2367 0001169 118.4645 178.4861  1.00273245 39454
STAR ONE C3             
1 38991U 12062A   23249.54827466 -.00000260  00000+0  00000+0 0  9990
2 38991   0.0170 138.4467 0002156  59.3052 270.0066  1.00269374 39589
EUTELSAT 21B            
1 38992U 12062B   23249.71075449  .00000119  00000+0  00000+0 0  9998
2 38992   0.0691 352.9869 0002422 172.8204  97.2300  1.00275387 39663
ECHOSTAR 16             
1 39008U 12065A   23250.05256486 -.00000293  00000+0  00000+0 0  9995
2 39008   0.0087 147.0873 0002408  18.2472 137.9562  1.00271042 39636
CHINASAT 12 (ZX 12)     
1 39017U 12067A   23249.84136360 -.00000218  00000+0  00000+0 0  9997
2 39017   0.0088 149.6625 0002476  40.3594 186.0279  1.00270948 39337
EUTELSAT 70B            
1 39020U 12069A   23249.83730003 -.00000055  00000+0  00000+0 0  9995
2 39020   0.0658 351.0653 0003304 185.1978 181.3307  1.00271195 39334
YAMAL 402               
1 39022U 12070A   23250.06438163  .00000074  00000+0  00000+0 0  9998
2 39022   0.0092 164.1537 0003646  10.3291 249.4815  1.00273926 39433
SKYNET 5D               
1 39034U 12075A   23250.06438163  .00000087  00000+0  00000+0 0  9990
2 39034   0.0713 348.1397 0004109 194.5523 239.1028  1.00275037 39350
MEXSAT 3                
1 39035U 12075B   23249.68369045 -.00000037  00000+0  00000+0 0  9995
2 39035   0.0185 131.8139 0001880  88.7573 256.2705  1.00272067 39012
TDRS 11                 
1 39070U 13004A   23249.67176834  .00000070  00000+0  00000+0 0  9994
2 39070   2.6952   1.0283 0004951  75.9808 336.0351  1.00277103 36523
AMAZONAS 3              
1 39078U 13006A   23250.05265187 -.00000294  00000+0  00000+0 0  9997
2 39078   0.0467 241.8154 0005234 321.8397 100.1732  1.00272619 38809
AZERSPACE 1             
1 39079U 13006B   23250.05743699  .00000121  00000+0  00000+0 0  9995
2 39079   0.0158 240.9219 0001731 317.7177 213.9011  1.00273241 38767
SBIRS GEO-2 (USA 241)   
1 39120U 13011A   23249.69891941 -.00000268  00000+0  00000+0 0  9993
2 39120   2.4837  40.5485 0001850 130.4487  28.1407  1.00271283 38364
EUTELSAT 117 WEST A     
1 39122U 13012A   23249.61154870 -.00000024  00000+0  00000+0 0  9991
2 39122   0.0503 297.3811 0002844 236.8791 274.5266  1.00272886 38256
ANIK G1                 
1 39127U 13014A   23249.68516984 -.00000085  00000+0  00000+0 0  9990
2 39127   0.0491 278.6015 0002057 292.2138 274.0436  1.00271784 38083
CHINASAT 11 (ZX 11)     
1 39157U 13020A   23249.91716124 -.00000302  00000+0  00000+0 0  9996
2 39157   0.0181 124.6515 0000570 106.8345 182.3310  1.00272764 37726
EUTELSAT 7B             
1 39163U 13022A   23249.70788274  .00000036  00000+0  00000+0 0  9990
2 39163   0.0678 349.8024 0001026  36.1548 221.3914  1.00272411 37797
WGS F5 (USA 243)        
1 39168U 13024A   23250.05430530 -.00000296  00000+0  00000+0 0  9995
2 39168   0.0223 136.4641 0000588 114.6829  61.7824  1.00269383 37654
SES-6                   
1 39172U 13026A   23249.69848431 -.00000272  00000+0  00000+0 0  9997
2 39172   0.0491 316.5433 0001917 221.9583  17.9732  1.00271567 37559
IRNSS-1A                
1 39199U 13034A   23245.63265355  .00000075  00000+0  00000+0 0  9993
2 39199  33.4191  78.7162 0020121 176.4036   9.3029  1.00279052 37153
MUOS-2                  
1 39206U 13036A   23249.88601654  .00000055  00000+0  00000+0 0  9999
2 39206   3.1834  35.4848 0056995 177.3018 274.8736  1.00273553 37131
ALPHASAT                
1 39215U 13038A   23249.71145067  .00000123  00000+0  00000+0 0  9990
2 39215   2.8450   9.9085 0003640 183.1812  73.4160  1.00270538 33844
INSAT-3D                
1 39216U 13038B   23249.83888936 -.00000168  00000+0  00000+0 0  9993
2 39216   0.0554 282.5126 0001775 293.7048 153.5286  1.00271924 36900
WGS F6 (USA 244)        
1 39222U 13041A   23249.67960039  .00000078  00000+0  00000+0 0  9990
2 39222   0.0153 147.5330 0000712 115.2203 192.1807  1.00271884 35878
ES'HAIL 1               
1 39233U 13044A   23250.06988235  .00000132  00000+0  00000+0 0  9999
2 39233   0.0535   0.5806 0002000 170.6958 225.2568  1.00273332 36732
GSAT-7                  
1 39234U 13044B   23249.83730003 -.00000089  00000+0  00000+0 0  9993
2 39234   0.0179 126.5676 0007676 131.6400 102.8926  1.00271029 35158
AMOS-4                  
1 39237U 13045A   23250.07771440 -.00000004  00000+0  00000+0 0  9992
2 39237   0.0280 237.2554 0000769 297.5557 264.0602  1.00272728 36723
AEHF-3 (USA 246)        
1 39256U 13050A   23249.67568437  .00000122  00000+0  00000+0 0  9993
2 39256   2.7668  73.8233 0054605 183.5328 176.3789  1.00275276 35494
ASTRA 2E                
1 39285U 13056A   23249.71214685  .00000139  00000+0  00000+0 0  9997
2 39285   0.0660  31.8137 0002348 132.5925 105.9759  1.00273238 36267
FM-6                    
1 39360U 13058A   23249.68334236 -.00000028  00000+0  00000+0 0  9992
2 39360   0.0113 137.0038 0000357 317.3285  21.0065  1.00269941 35895
RADUGA-1M 3             
1 39375U 13062A   23250.07179685  .00000143  00000+0  00000+0 0  9990
2 39375   3.3626  84.5946 0001897 254.6385  67.4706  1.00274120 35952
SES-8                   
1 39460U 13071A   23250.08371896 -.00000281  00000+0  00000+0 0  9998
2 39460   0.0437 265.1965 0002100 236.8076 329.0247  1.00272363 35703
INMARSAT 5-F1           
1 39476U 13073A   23249.89719476  .00000017  00000+0  00000+0 0  9990
2 39476   0.0177 150.8664 0000043 253.9766 326.4543  1.00269758 35419
TKSAT-1 (TUPAC KATARI)  
1 39481U 13075A   23249.83924442 -.00000206  00000+0  00000+0 0  9994
2 39481   0.0254  86.0175 0002367  79.6524  34.9240  1.00272589 35426
EXPRESS-AM5             
1 39487U 13077A   23250.02619063 -.00000292  00000+0  00000+0 0  9990
2 39487   0.0075 182.9720 0000510  56.2115 256.1125  1.00270604 36168
GSAT-14                 
1 39498U 14001A   23250.00783524 -.00000088  00000+0  00000+0 0  9995
2 39498   0.0637 279.2245 0004527 321.0045 182.4163  1.00270945 35411
THAICOM 6               
1 39500U 14002A   23249.80605012 -.00000134  00000+0  00000+0 0  9993
2 39500   0.0319 127.1960 0004323  51.6477 175.4580  1.00275144 35282
TDRS 12                 
1 39504U 14004A   23249.86194867 -.00000279  00000+0  00000+0 0  9996
2 39504   3.5891 356.4845 0006641 182.5332  75.7146  1.00262859 34106
ABS-2                   
1 39508U 14006A   23249.83730003 -.00000098  00000+0  00000+0 0  9996
2 39508   0.0432 292.1050 0003102 234.5758 195.3085  1.00272074 35119
ATHENA-FIDUS            
1 39509U 14006B   23249.57073509  .00000142  00000+0  00000+0 0  9998
2 39509   0.0191 216.8392 0001533 345.3386  26.4805  1.00273819 34906
TURKSAT 4A              
1 39522U 14007A   23250.07318921  .00000135  00000+0  00000+0 0  9993
2 39522   0.0647 267.8235 0003689 308.0609 198.3228  1.00271741 35043
EXPRESS-AT1             
1 39612U 14010A   23250.06438163  .00000067  00000+0  00000+0 0  9991
2 39612   0.0133 224.0967 0000223 231.0686 329.8836  1.00271423 34885
EXPRESS-AT2             
1 39613U 14010B   23249.90327029 -.00000293  00000+0  00000+0 0  9993
2 39613   0.0131 223.3468 0000217  58.6023 168.7913  1.00271623 34331
AMAZONAS 4A             
1 39616U 14011A   23249.54844872 -.00000264  00000+0  00000+0 0  9995
2 39616   0.0176 167.1150 0003696  22.4509 279.2386  1.00273274 34536
ASTRA 5B                
1 39617U 14011B   23250.06944725  .00000126  00000+0  00000+0 0  9999
2 39617   0.0896 298.8251 0003591 256.3767 199.1930  1.00275344 34702
IRNSS-1B                
1 39635U 14017A   23248.77568730  .00000111  00000+0  00000+0 0  9992
2 39635  28.7028 257.6412 0019782 192.2865 228.9930  1.00275057 34616
LUCH-5V                 
1 39727U 14023A   23249.91716124 -.00000281  00000+0  00000+0 0  9999
2 39727   2.5800  77.2759 0003632 134.1707 199.1987  1.00270356 34183
KAZSAT-3                
1 39728U 14023B   23249.90119005  .00000049  00000+0  00000+0 0  9995
2 39728   0.0142 193.2806 0000609 299.2881 236.0705  1.00269712 32276
EUTELSAT 3B             
1 39773U 14030A   23250.06544420  .00000008  00000+0  00000+0 0  9990
2 39773   0.0644 351.2965 0005149 197.4028 183.8470  1.00270651 34051
ASIASAT 8 (AMOS-7)      
1 40107U 14046A   23249.87581312 -.00000045  00000+0  00000+0 0  9990
2 40107   0.0418 317.8642 0002070 203.7684 135.4538  1.00271658 91972
ASIASAT 6               
1 40141U 14052A   23250.08104736 -.00000374  00000+0  00000+0 0  9996
2 40141   0.0480 276.3221 0000830 281.1795 297.4778  1.00270782 32995
OPTUS 10                
1 40146U 14054A   23249.94979840 -.00000157  00000+0  00000+0 0  9991
2 40146   0.0699 280.1653 0004181 254.5072 309.0252  1.00276923 32955
MEASAT-3B               
1 40147U 14054B   23250.08302278 -.00000256  00000+0  00000+0 0  9994
2 40147   0.0382  30.8941 0001302 102.3074 334.1197  1.00283190 33007
LUCH (OLYMP-K 1)        
1 40258U 14058A   23249.89419361 -.00000153  00000+0  00000+0 0  9996
2 40258   0.0111 184.9120 0002004 354.0863 110.5328  1.00270340 30813
HIMAWARI-8              
1 40267U 14060A   23249.90327029 -.00000287  00000+0  00000+0 0  9998
2 40267   0.0245 253.0143 0000802 288.5229 270.0065  1.00271259 32581
IRNSS-1C                
1 40269U 14061A   23249.79235976 -.00000174  00000+0  00000+0 0  9992
2 40269   3.9684 112.6360 0020038  17.7575 223.4830  1.00270347 32514
INTELSAT 30 (IS-30)     
1 40271U 14062A   23249.43992277 -.00000162  00000+0  00000+0 0  9998
2 40271   0.0227 133.9759 0001768 306.0008 328.6055  1.00269607 32402
ARSAT 1                 
1 40272U 14062B   23250.05047632 -.00000271  00000+0  00000+0 0  9996
2 40272   0.0280  67.7052 0001531 112.8401 111.6876  1.00271492 32710
EXPRESS-AM6             
1 40277U 14064A   23249.90119005  .00000087  00000+0  00000+0 0  9993
2 40277   0.0121 120.9481 0001487  76.4340 165.7598  1.00270094 31407
GSAT-16                 
1 40332U 14078A   23250.06438163  .00000073  00000+0  00000+0 0  9993
2 40332   0.0887 274.9601 0005345 196.6217 312.5658  1.00274448 32099
DIRECTV 14              
1 40333U 14078B   23250.04499389 -.00000137  00000+0  00000+0 0  9991
2 40333   0.0184 145.3188 0000284 255.3410 222.1649  1.00270470 32071
YAMAL 401               
1 40345U 14082A   23250.08267469 -.00000241  00000+0  00000+0 0  9991
2 40345   0.0178 133.8274 0001281  89.0903 242.6969  1.00276133 32245
ASTRA 2G                
1 40364U 14089A   23250.07040449  .00000138  00000+0  00000+0 0  9999
2 40364   0.0454 339.4472 0002685 115.8323 304.1173  1.00271344 31856
FENGYUN 2G              
1 40367U 14090A   23249.91716124 -.00000316  00000+0  00000+0 0  9994
2 40367   3.0598  84.7900 0000688 165.7091 165.0685  1.00278158 31823
MUOS-3                  
1 40374U 15002A   23249.70344458 -.00000140  00000+0  00000+0 0  9995
2 40374   2.8714  28.1183 0058232 177.1243  18.0149  1.00270870 31417
INMARSAT 5-F2           
1 40384U 15005A   23250.05387020 -.00000297  00000+0  00000+0 0  9994
2 40384   0.0183 150.4252 0000324 118.2979  41.5382  1.00272046 31502
ABS-3A                  
1 40424U 15010A   23250.06422588 -.00000038  00000+0  00000+0 0  9998
2 40424   0.0094 152.9238 0001838 280.8566 292.1941  1.00270903 31198
EUTELSAT 115 WEST B     
1 40425U 15010B   23250.11147771 -.00000037  00000+0  00000+0 0  9992
2 40425   0.0238  21.7720 0000284  72.9048 176.4819  1.00271978 31266
EXPRESS-AM7             
1 40505U 15012A   23249.84979917  .00000139  00000+0  00000+0 0  9998
2 40505   0.0181 241.9624 0002939 299.7782 149.8793  1.00276503 30830
IRNSS-1D                
1 40547U 15018A   23249.94369958 -.00000271  00000+0  00000+0 0  9997
2 40547  28.0700 257.5909 0019943 192.5029 347.2590  1.00272153 31072
BEIDOU-3S IGSO-1S       
1 40549U 15019A   23249.63483433 -.00000160  00000+0  00000+0 0  9998
2 40549  51.0941 307.5439 0041057 195.9578 164.1017  1.00255841 30904
THOR 7                  
1 40613U 15022A   23249.88975023 -.00000020  00000+0  00000+0 0  9997
2 40613   0.0131 202.2923 0002497 330.5501 132.5147  1.00271471 30649
TURKMENALEM52E/MONACOSAT
1 40617U 15023A   23250.06438163  .00000092  00000+0  00000+0 0  9991
2 40617   0.0098 145.2957 0002444  35.0556 240.7511  1.00275342 30667
DIRECTV 15              
1 40663U 15026A   23249.63671553 -.00000113  00000+0  00000+0 0  9993
2 40663   0.0177 108.3479 0000334 224.3733 139.0890  1.00267419 30308
SKY MEXICO-1            
1 40664U 15026B   23250.04908396 -.00000246  00000+0  00000+0 0  9996
2 40664   0.0179 145.7048 0002095  32.8741 106.1906  1.00272154 30366
METEOSAT-11 (MSG-4)     
1 40732U 15034A   23249.70840487  .00000053  00000+0  00000+0 0  9993
2 40732   0.7375  53.1532 0000383 347.3390 209.4830  1.00278590 29843
STAR ONE C4             
1 40733U 15034B   23250.05082440 -.00000277  00000+0  00000+0 0  9990
2 40733   0.0373   4.2808 0001667 207.1428  82.7376  1.00272881 29843
WGS F7 (USA 263)        
1 40746U 15036A   23250.10674593  .00000006  00000+0  00000+0 0  9997
2 40746   0.0110 134.2403 0000137  53.7486  11.3517  1.00272544 29695
INTELSAT 34 (IS-34)     
1 40874U 15039A   23250.05378317 -.00000297  00000+0  00000+0 0  9994
2 40874   0.0448 307.7523 0001485  67.9602 294.0240  1.00270436 29449
EUTELSAT 8 WEST B       
1 40875U 15039B   23249.70492397 -.00000076  00000+0  00000+0 0  9995
2 40875   0.0672 351.9378 0003170 152.2848  87.1173  1.00272977 29472
GSAT-6                  
1 40880U 15041A   23250.08119530 -.00000172  00000+0  00000+0 0  9999
2 40880   0.0489 263.6268 0004344 267.9265 286.1301  1.00271361 29427
INMARSAT 5-F3           
1 40882U 15042A   23249.64678083  .00000039  00000+0  00000+0 0  9996
2 40882   0.0232 137.5659 0000139 292.8568 327.4760  1.00270375 29386
MUOS-4                  
1 40887U 15044A   23249.83730003 -.00000104  00000+0  00000+0 0  9999
2 40887   2.7782  24.1364 0051560 359.1126 338.8414  1.00272008 29382
TJS-1                   
1 40892U 15046A   23249.89771569 -.00000169  00000+0  00000+0 0  9996
2 40892   0.0558 319.6648 0001900 219.3624 284.7915  1.00269305 29392
EXPRESS-AM8             
1 40895U 15048A   23249.63208604 -.00000123  00000+0  00000+0 0  9998
2 40895   0.0216 243.5170 0000020 205.8760 109.6068  1.00272778 29172
BEIDOU-3S IGSO-2S       
1 40938U 15053A   23248.65759605 -.00000109  00000+0  00000+0 0  9999
2 40938  50.8066 270.7272 0048170 194.1918 212.3719  1.00282980 29175
SKY MUSTER 1 (NBN1A)    
1 40940U 15054A   23249.90327029 -.00000290  00000+0  00000+0 0  9994
2 40940   0.0123 216.1895 0001531 315.4203 279.5390  1.00270710 29087
ARSAT 2                 
1 40941U 15054B   23249.54705635 -.00000236  00000+0  00000+0 0  9998
2 40941   0.0253  73.8394 0001629  91.9912 295.4767  1.00271462 29142
MORELOS 3               
1 40946U 15056A   23249.68395153 -.00000051  00000+0  00000+0 0  9995
2 40946   3.2165 343.9512 0003431 176.3415 318.3303  1.00271656 29119
APSTAR 9                
1 40982U 15059A   23249.90327029 -.00000274  00000+0  00000+0 0  9997
2 40982   0.0628 273.2224 0002670 280.2958 259.4126  1.00288604 28954
TURKSAT 4B              
1 40984U 15060A   23249.90119005  .00000103  00000+0  00000+0 0  9994
2 40984   0.0145 194.8884 0002150 358.3615 166.8945  1.00270149 28922
CHINASAT 2C (ZX 2C)     
1 41021U 15063A   23249.85149317 -.00000335  00000+0  00000+0 0  9991
2 41021   0.0430 311.1720 0001913 319.7787 124.6531  1.00269073 28828
GSAT-15                 
1 41028U 15065A   23250.08337087 -.00000270  00000+0  00000+0 0  9998
2 41028   0.0557 274.9527 0001890 236.4613 318.0028  1.00272815 28696
BADR-7 (ARABSAT-6B)     
1 41029U 15065B   23250.06996937  .00000133  00000+0  00000+0 0  9999
2 41029   0.0366 223.7504 0006211 358.8538 174.4401  1.00272404 28748
LAOSAT 1                
1 41034U 15067A   23250.01871308 -.00000354  00000+0  00000+0 0  9992
2 41034   0.0201  82.0087 0001487  24.1929  14.8592  1.00274848 28675
TELSTAR 12V             
1 41036U 15068A   23249.70353161 -.00000130  00000+0  00000+0 0  9993
2 41036   0.0224 247.6436 0002354 288.4204  47.7317  1.00271525 28459
CHINASAT 1C (ZX 1C)     
1 41103U 15073A   23250.08076019  .00000021  00000+0  00000+0 0  9999
2 41103   4.5102  80.4605 0004861 124.2146 250.6608  0.99164450 28482
ELEKTRO-L 2             
1 41105U 15074A   23249.91855005 -.00000129  00000+0  00000+0 0  9992
2 41105   4.1127  82.8600 0002835 136.1079  82.9240  1.00271082 28340
COSMOS 2513             
1 41121U 15075A   23249.83916596 -.00000150  00000+0  00000+0 0  9999
2 41121   0.0433 110.2942 0001843  94.5568 163.1504  1.00270676 28350
EXPRESS-AMU1            
1 41191U 15082A   23250.07197090  .00000144  00000+0  00000+0 0  9994
2 41191   0.0178 142.6885 0002405  37.9125 227.2684  1.00271364 28348
GAOFEN 4                
1 41194U 15083A   23249.85345993 -.00000346  00000+0  00000+0 0  9994
2 41194   0.0419 292.0173 0001055 258.9016 207.6382  1.00267246 28355
BELINTERSAT-1           
1 41238U 16001A   23249.90119005  .00000095  00000+0  00000+0 0  9993
2 41238   0.0211  69.6026 0000858  45.5520 246.5067  1.00270214 28068
IRNSS-1E                
1 41241U 16003A   23249.94378661 -.00000308  00000+0  00000+0 0  9996
2 41241  30.9820  77.7553 0020364 175.9268 183.7268  1.00275182 28026
EUTELSAT 9B             
1 41310U 16005A   23250.06657550  .00000050  00000+0  00000+0 0  9990
2 41310   0.0345  61.7968 0003471 150.0638 166.9937  1.00269746 27946
SES-9                   
1 41380U 16013A   23249.85840889 -.00000357  00000+0  00000+0 0  9991
2 41380   0.0460 296.5973 0001578 195.2949 271.1100  1.00269125 27264
EUTELSAT 65 WEST A      
1 41382U 16014A   23250.05178166 -.00000288  00000+0  00000+0 0  9993
2 41382   0.0531 356.5099 0002035 176.9737 125.8338  1.00272021 27471
IRNSS-1F                
1 41384U 16015A   23249.71293005  .00000147  00000+0  00000+0 0  9990
2 41384   2.9377 129.7221 0018472 176.9853 327.6712  1.00270486 27493
BEIDOU-2 IGSO-6         
1 41434U 16021A   23249.89424557 -.00000148  00000+0  00000+0 0  9992
2 41434  58.7585  48.2375 0047162 217.9452 137.9307  1.00282671 27304
IRNSS-1G                
1 41469U 16027A   23249.94726751 -.00000347  00000+0  00000+0 0  9994
2 41469   2.8284 131.3756 0002729 353.0459 331.7702  1.00277875 27004
JCSAT-2B                
1 41471U 16028A   23249.94424681 -.00000177  00000+0  00000+0 0  9996
2 41471   0.0178 149.8580 0000761  32.7631 297.0633  1.00272116 26925
THAICOM 8               
1 41552U 16031A   23250.08041209 -.00000133  00000+0  00000+0 0  9990
2 41552   0.0714  48.8792 0001526  56.8669 347.6064  1.00270641 26619
INTELSAT 31 (IS-31)     
1 41581U 16035A   23249.50371785 -.00000162  00000+0  00000+0 0  9998
2 41581   0.0335 249.9653 0001424 326.4131 215.2332  1.00271070 26511
BEIDOU-2 G7             
1 41586U 16037A   23250.08659071 -.00000365  00000+0  00000+0 0  9992
2 41586   1.8769  68.4844 0006790 344.6495  74.4932  1.00269833 26614
ABS-2A (MONGOLSAT-1)    
1 41588U 16038A   23249.64975163 -.00000096  00000+0  00000+0 0  9999
2 41588   0.0113 180.3071 0001170 264.7927 208.9929  1.00270992 26534
EUTELSAT 117 WEST B     
1 41589U 16038B   23250.04151299 -.00000023  00000+0  00000+0 0  9992
2 41589   0.0228  21.6101 0000215  86.1758 136.0243  1.00273015 26539
BRISAT                  
1 41591U 16039A   23250.02063351 -.00000208  00000+0  00000+0 0  9990
2 41591   0.0156 177.2754 0002105 354.5344 331.9533  1.00272172 26471
ECHOSTAR 18             
1 41592U 16039B   23250.05256486 -.00000294  00000+0  00000+0 0  9992
2 41592   0.0144 146.2389 0001576  29.3640 127.8372  1.00273496 26446
MUOS-5                  
1 41622U 16041A   23249.68525686 -.00000170  00000+0  00000+0 0  9990
2 41622   4.5608 297.9428 0200538 246.3067 302.9456  1.00272292 26919
TIANTONG-1 1            
1 41725U 16048A   23250.08502431 -.00000328  00000+0  00000+0 0  9995
2 41725   2.3537  18.7514 0002590 277.8137 181.3547  1.00269778 26094
JCSAT-16                
1 41729U 16050A   23249.73313146 -.00000318  00000+0  00000+0 0  9994
2 41729   0.0642  95.4467 0000305 118.7177 171.3106  1.00271255 25898
USA 270                 
1 41744U 16052A   23249.94552706 -.00000373  00000+0  00000+0 0  9994
2 41744   1.5787  90.1875 0000810 195.0179 161.9026  1.00170625 17950
USA 271                 
1 41745U 16052B   23249.93299580  .00000073  00000+0  00000+0 0  9998
2 41745   1.5509  90.1387 0001407 125.1005 164.1303  1.00149089 17757
INTELSAT 36 (IS-36)     
1 41747U 16053A   23250.07841059 -.00000036  00000+0  00000+0 0  9992
2 41747   0.0183 108.8392 0002430 256.2043  77.5695  1.00270279 25777
INTELSAT 33E (IS-33E)   
1 41748U 16053B   23249.90084285  .00000038  00000+0  00000+0 0  9994
2 41748   0.0165 143.5485 0001768  20.4546 206.0303  1.00269695 26078
INSAT-3DR               
1 41752U 16054A   23250.07954187 -.00000089  00000+0  00000+0 0  9994
2 41752   0.0303  88.3878 0012235 175.0908 185.0591  1.00272030 25632
GSAT-18                 
1 41793U 16060A   23249.83730003 -.00000089  00000+0  00000+0 0  9997
2 41793   0.0426 291.8332 0000649  95.8081 333.4368  1.00272059 25368
SKY MUSTER 2 (NBN1B)    
1 41794U 16060B   23250.02063351 -.00000256  00000+0  00000+0 0  9992
2 41794   0.0138 219.9563 0001597 311.5104 326.5917  1.00271059 25400
HIMAWARI-9              
1 41836U 16064A   23249.90327029 -.00000286  00000+0  00000+0 0  9996
2 41836   0.0163 183.0510 0001076   5.5223 263.0894  1.00272283 25029
SHIJIAN-17 (SJ-17)      
1 41838U 16065A   23249.93902281 -.00000115  00000+0  00000+0 0  9992
2 41838   3.1551  84.7016 0001897 195.4777 199.3998  1.00490377 25042
GOES 16                 
1 41866U 16071A   23249.54818765 -.00000259  00000+0  00000+0 0  9999
2 41866   0.0803 283.3541 0000776 306.7994 237.3542  1.00271446 24931
TIANLIAN 1-04           
1 41869U 16072A   23249.78382638  .00000020  00000+0  00000+0 0  9999
2 41869   0.1002 258.5758 0030514 244.5188 301.5016  1.00273505 25149
WGS F8 (USA 272)        
1 41879U 16075A   23249.90327029 -.00000214  00000+0  00000+0 0  9996
2 41879   0.0195 128.7401 0000006 107.0838 224.8898  1.00270487 24659
FENGYUN 4A              
1 41882U 16077A   23249.85345999 -.00000342  00000+0  00000+0 0  9994
2 41882   0.1887  81.9200 0001767  60.1045 255.6071  1.00274185 24758
ECHOSTAR 19             
1 41893U 16079A   23249.61555175 -.00000150  00000+0  00000+0 0  9998
2 41893   0.0157 143.5973 0001629  30.9645 295.3761  1.00271256 24549
JCSAT-110A (JCSAT-15)   
1 41903U 16082A   23249.86111414 -.00000363  00000+0  00000+0 0  9991
2 41903   0.0190 147.1780 0000970  64.8464 193.7245  1.00272044 24585
STAR ONE D1             
1 41904U 16082B   23249.54644720 -.00000222  00000+0  00000+0 0  9992
2 41904   0.0259 100.2471 0002361  71.6433 286.1990  1.00270040 24608
TJS-2                   
1 41911U 17001A   23249.83730003 -.00000017  00000+0  00000+0 0  9996
2 41911   0.1756 290.5565 0002039 329.5285  93.4423  1.00271422 24568
SBIRS GEO-4 (USA 273)   
1 41937U 17004A   23249.61555175 -.00000154  00000+0  00000+0 0  9990
2 41937   1.6178 336.4848 0001896 202.7473 290.9946  1.00271719 24434
HISPASAT 36W-1          
1 41942U 17006A   23249.69918049 -.00000256  00000+0  00000+0 0  9992
2 41942   0.0315 358.7752 0001115 163.2632  39.1874  1.00272242 24052
TELKOM 3S               
1 41944U 17007A   23249.86793817 -.00000374  00000+0  00000+0 0  9999
2 41944   0.0116 215.7895 0002463 318.7749 241.5675  1.00270617 23967
INTELSAT 32E (IS-32E)   
1 41945U 17007B   23249.69787514 -.00000280  00000+0  00000+0 0  9994
2 41945   0.0164 129.8419 0000134 124.4045 299.3227  1.00270116 24062
ECHOSTAR 23             
1 42070U 17014A   23249.61294106 -.00000068  00000+0  00000+0 0  9998
2 42070   0.0232 138.9462 0002082  25.4325 291.8181  1.00269995 23745
WGS F9 (USA 275)        
1 42075U 17016A   23249.91907219 -.00000109  00000+0  00000+0 0  9990
2 42075   0.0065 146.2643 0000752  78.9738  79.3415  1.00268454 23759
SES-10                  
1 42432U 17017A   23249.54984108 -.00000284  00000+0  00000+0 0  9993
2 42432   0.0201  81.7338 0002786  88.6305 306.0474  1.00269618 23577
CHINASAT 16 (SJ-13)     
1 42662U 17018A   23249.86111411 -.00000364  00000+0  00000+0 0  9992
2 42662   0.0511  95.5585 0003956 160.8606 149.8048  1.00273008 23556
KOREASAT 7              
1 42691U 17023A   23250.01618942 -.00000373  00000+0  00000+0 0  9990
2 42691   0.0281 314.9378 0001699 238.2861 274.3606  1.00270402 23273
SGDC                    
1 42692U 17023B   23249.24937819 -.00000261  00000+0  00000+0 0  9997
2 42692   0.0179 120.6279 0002246  56.9425 182.4307  1.00270327 23231
GSAT-9                  
1 42695U 17024A   23249.91716124 -.00000299  00000+0  00000+0 0  9990
2 42695   0.0814 268.9042 0001842 274.2522 230.0189  1.00276793 23138
INMARSAT 5-F4           
1 42698U 17025A   23250.06438163  .00000064  00000+0  00000+0 0  9995
2 42698   0.0168 142.3490 0000474 126.7909 156.4085  1.00269223 23096
SES-15                  
1 42709U 17026A   23249.68081872  .00000049  00000+0  00000+0 0  9999
2 42709   0.0258  46.2400 0000342 152.3561 262.8362  1.00269062 23973
QZS-2 (MICHIBIKI-2)     
1 42738U 17028A   23249.87635703 -.00000146  00000+0  00000+0 0  9991
2 42738  41.0406 257.8300 0751769 270.1228 274.3208  1.00264340 22968
VIASAT-2                
1 42740U 17029A   23249.86459442 -.00000276  00000+0  00000+0 0  9992
2 42740   0.0286 257.2477 0000247   0.5084 329.2798  1.00271914 23010
EUTELSAT 172B           
1 42741U 17029B   23249.73868747 -.00000017  00000+0  00000+0 0  9994
2 42741   0.0578 156.3899 0000120  97.2005 169.8900  1.00271041 23551
GSAT-19                 
1 42747U 17031A   23249.89077094  .00000113  00000+0  00000+0 0  9993
2 42747   0.0236 256.8227 0004809 213.5289 243.8986  1.00272136 22961
ECHOSTAR 21             
1 42749U 17032A   23250.06683656  .00000056  00000+0  00000+0 0  9990
2 42749   3.0679 314.5375 0002417 209.7352 215.9159  1.00272474 22950
BULGARIASAT-1           
1 42801U 17038A   23249.70683847  .00000000  00000+0  00000+0 0  9995
2 42801   0.0209 225.1743 0002657 305.9199  70.7933  1.00272382 22668
HELLAS-SAT 3            
1 42814U 17040A   23250.07258006  .00000141  00000+0  00000+0 0  9995
2 42814   0.0586 344.1185 0002214 125.0175 301.9053  1.00269373 22697
GSAT-17                 
1 42815U 17040B   23250.08337087 -.00000269  00000+0  00000+0 0  9996
2 42815   0.0273 255.5863 0003767   3.9032 209.9180  1.00270764 22705
INTELSAT 35E (IS-35E)   
1 42818U 17041A   23249.48466113 -.00000249  00000+0  00000+0 0  9993
2 42818   0.0139 226.6453 0001596 318.3589 300.2933  1.00272309 22631
COSMOS 2520             
1 42907U 17046A   23249.84979917  .00000125  00000+0  00000+0 0  9990
2 42907   0.0238 118.4705 0000493  64.2327 153.8935  1.00271252 22225
TDRS 13                 
1 42915U 17047A   23249.41758089 -.00000108  00000+0  00000+0 0  9990
2 42915   3.9117 339.1517 0016924 127.9316  17.0132  1.00271901 22171
QZS-3 (MICHIBIKI-3)     
1 42917U 17048A   23250.03174521 -.00000359  00000+0  00000+0 0  9994
2 42917   0.0590 200.3055 0002213 352.3442 291.6839  1.00271052 22195
AMAZONAS 5              
1 42934U 17053A   23250.05265187 -.00000294  00000+0  00000+0 0  9998
2 42934   0.0367 316.7106 0001941 259.7378  87.3448  1.00271890 21959
ASIASAT 9               
1 42942U 17057A   23249.72186139 -.00000371  00000+0  00000+0 0  9998
2 42942   0.0139 134.4463 0001773  24.0991 208.9842  1.00271574 21681
INTELSAT 37E (IS-37E)   
1 42950U 17059A   23249.89419361 -.00000152  00000+0  00000+0 0  9990
2 42950   0.0170 138.9649 0002905  44.4993 106.1584  1.00272176 21890
BSAT-4A                 
1 42951U 17059B   23250.01497110 -.00000362  00000+0  00000+0 0  9998
2 42951   0.0412 333.2393 0001797 128.7434 359.0797  1.00271683 21785
QZS-4 (MICHIBIKI-4)     
1 42965U 17062A   23249.64373101 -.00000355  00000+0  00000+0 0  9999
2 42965  40.6348 356.4161 0748281 269.3204  90.9573  1.00280312 21648
SES-11 (ECHOSTAR 105)   
1 42967U 17063A   23249.68534389 -.00000101  00000+0  00000+0 0  9992
2 42967   0.0402 305.1379 0002521 255.8312 286.3173  1.00272833 21559
KOREASAT 5A             
1 42984U 17067A   23249.86349544 -.00000370  00000+0  00000+0 0  9990
2 42984   0.0180 122.4995 0001470  57.3701 229.8155  1.00271186 21354
ALCOMSAT 1              
1 43039U 17078A   23249.70153010 -.00000197  00000+0  00000+0 0  9995
2 43039   0.0413 234.1680 0002219 303.6094  35.5105  1.00271058 21121
SBIRS GEO-3 (USA 282)   
1 43162U 18009A   23249.72757714 -.00000302  00000+0  00000+0 0  9998
2 43162   2.7547 326.5544 0002018 216.4520 203.4568  1.00271330 20673
AL YAH 3                
1 43174U 18012A   23249.50282885 -.00000167  00000+0  00000+0 0  9992
2 43174   0.0775  97.1825 0001742  72.9457 336.1246  1.00271294 20665
SES-14                  
1 43175U 18012B   23249.69700492 -.00000290  00000+0  00000+0 0  9999
2 43175   0.0131 250.6939 0001059 283.3529  14.8900  1.00270946 20898
GOES 17                 
1 43226U 18022A   23250.04394962 -.00000102  00000+0  00000+0 0  9991
2 43226   0.0144 285.2906 0001987 241.9964  89.6927  1.00272045 20262
HISPASAT 30W-6          
1 43228U 18023A   23250.05883049 -.00000228  00000+0  00000+0 0  9993
2 43228   0.0411  47.5605 0002816  96.2854 193.1980  1.00270323 20321
SUPERBIRD-B3            
1 43271U 18033A   23249.75535491 -.00000104  00000+0  00000+0 0  9995
2 43271   0.0355 257.5680 0000982 264.8093 257.1302  1.00272400 19888
HYLAS 4                 
1 43272U 18033B   23249.98642767 -.00000245  00000+0  00000+0 0  9992
2 43272   0.0854 269.3601 0001552 282.2522 115.7971  1.00271544 19892
IRNSS-1I                
1 43286U 18035A   23249.64574859  .00000075  00000+0  00000+0 0  9998
2 43286  29.2560  90.1523 0019587 176.0296   6.8152  1.00272853 19909
USA 283                 
1 43339U 18036A   23249.87653106 -.00000329  00000+0  00000+0 0  9999
2 43339   0.0159 136.7548 0000074  45.7558 252.8413  1.00268028 15118
COSMOS 2526             
1 43432U 18037A   23250.07549278 -.00000356  00000+0  00000+0 0  9992
2 43432   0.0248 111.8894 0000570  63.5196 325.7448  1.00275503 19798
APSTAR 6C               
1 43450U 18041A   23249.73313146 -.00000329  00000+0  00000+0 0  9991
2 43450   0.0550 267.2026 0002970 296.8008 179.5028  1.00272043 19656
BANGABANDHUSAT-1        
1 43463U 18044A   23250.01679858 -.00000374  00000+0  00000+0 0  9996
2 43463   0.0139 208.0520 0002959 341.0015 281.9237  1.00270769 19566
SES-12                  
1 43488U 18049A   23249.69389218 -.00000281  00000+0  00000+0 0  9995
2 43488   0.0184  68.7734 0001917 168.0460  93.4863  1.00270914 19243
FENGYUN 2H              
1 43491U 18050A   23249.72224147 -.00000140  00000+0  00000+0 0  9998
2 43491   2.2827  89.9020 0003434  97.3154 137.5357  1.00271270 19264
BEIDOU-2 IGSO-7         
1 43539U 18057A   23249.77249212 -.00000154  00000+0  00000+0 0  9998
2 43539  55.1207 171.8378 0064480 231.2212 334.0269  1.00283025 18979
TELSTAR 19V             
1 43562U 18059A   23249.55062428 -.00000291  00000+0  00000+0 0  9996
2 43562   0.0211 181.2591 0002764 334.1060 325.2195  1.00270984 18972
TELKOM 4 (MERAH PUTIH)  
1 43587U 18064A   23250.01462302 -.00000356  00000+0  00000+0 0  9999
2 43587   0.0146 198.8635 0002138   2.5399 257.6925  1.00272730 18694
TELSTAR 18V (APSTAR 5C) 
1 43611U 18069A   23249.60391301 -.00000305  00000+0  00000+0 0  9999
2 43611   0.0191 147.7744 0002211  25.3741 167.6920  1.00271628 18445
AZERSPACE 2 (IS-38)     
1 43632U 18074A   23249.84979917  .00000125  00000+0  00000+0 0  9998
2 43632   0.0182 137.5682 0001511  45.6669 153.4636  1.00271841 18277
HORIZONS-3E             
1 43633U 18074B   23249.87341065 -.00000043  00000+0  00000+0 0  9999
2 43633   0.0227 121.0564 0002154 165.2103 182.8441  1.00268103 18155
AEHF-4 (USA 288)        
1 43651U 18079A   23249.54975406 -.00000285  00000+0  00000+0 0  9998
2 43651   1.9968 323.6113 0003566 201.9539 310.3984  1.00271842 18127
BEIDOU-3 G1             
1 43683U 18085A   23249.80813160 -.00000292  00000+0  00000+0 0  9995
2 43683   1.5195 124.2076 0002479   0.4223 291.8698  1.00266711 17883
GSAT-29                 
1 43698U 18089A   23250.06438163  .00000074  00000+0  00000+0 0  9998
2 43698   0.0381 287.7208 0000936 245.0007 251.3060  1.00271872 17658
ES'HAIL 2               
1 43700U 18090A   23249.71162472  .00000133  00000+0  00000+0 0  9997
2 43700   0.0181 234.1928 0002670 330.8141  62.5415  1.00273944 17506
GEO-KOMPSAT-2A          
1 43823U 18100A   23250.03174521 -.00000355  00000+0  00000+0 0  9997
2 43823   0.0298  19.6242 0001476 110.1674 355.7495  1.00271101 17495
GSAT-11                 
1 43824U 18100B   23249.83730003 -.00000089  00000+0  00000+0 0  9991
2 43824   0.0912 275.1925 0005911 208.2990 237.5989  1.00272486 17306
GSAT-7A                 
1 43864U 18105A   23249.89702115  .00000015  00000+0  00000+0 0  9997
2 43864   0.0682 270.6778 0001534 249.5440 211.1714  1.00271973 17286
COSMOS 2533             
1 43867U 18107A   23249.83730003 -.00000050  00000+0  00000+0 0  9993
2 43867   0.0147 118.2868 0000282  52.0172 186.7790  1.00272714 17252
TJS-3                   
1 43874U 18110A   23249.94573692 -.00000009  00000+0  00000+0 0  9990
2 43874   0.0891 285.5506 0005097 260.4615 313.2388  1.00272812 17258
CHINASAT 2D (ZX 2D)     
1 43920U 19001A   23249.81855104 -.00000349  00000+0  00000+0 0  9996
2 43920   0.0620 300.6555 0001834 312.7845 156.8657  1.00268317 43900
HELLAS-SAT 4 & SGS-1    
1 44034U 19007A   23249.76716141  .00000141  00000+0  00000+0 0  9999
2 44034   0.0632 124.3336 0006240  31.6554 144.7575  1.00267462 17184
GSAT-31                 
1 44035U 19007B   23250.05743699  .00000114  00000+0  00000+0 0  9992
2 44035   0.0565 278.5219 0003146 300.7828 195.1150  1.00272605 16800
NUSANTARA SATU          
1 44048U 19009A   23249.90327029 -.00000246  00000+0  00000+0 0  9992
2 44048   0.0212 139.8638 0004405   9.7137 307.3286  1.00270463 16600
CHINASAT 6C (ZX 6C)     
1 44067U 19012A   23249.82063094 -.00000347  00000+0  00000+0 0  9999
2 44067   0.0554 112.8110 0006924  28.0559 270.6698  1.00272851 16563
WGS 10 (USA 291)        
1 44071U 19014A   23249.89771556  .00000036  00000+0  00000+0 0  9996
2 44071   0.0224 128.5719 0000545 139.0547 101.5783  1.00267742 16452
TIANLIAN 2-01           
1 44076U 19017A   23249.83730003 -.00000119  00000+0  00000+0 0  9993
2 44076   0.1050 254.1702 0001375 208.2865 261.6934  1.00271696 16489
ARABSAT-6A              
1 44186U 19021A   23250.07083961  .00000142  00000+0  00000+0 0  9997
2 44186   0.0547 341.7609 0006164 236.2521 183.8618  1.00273178 15986
BEIDOU-3 IGSO-1         
1 44204U 19023A   23249.82698667 -.00000204  00000+0  00000+0 0  9996
2 44204  57.2248  48.2146 0023454 194.2371 160.6888  1.00281905 16161
BEIDOU-2 G8             
1 44231U 19027A   23249.90327029 -.00000259  00000+0  00000+0 0  9990
2 44231   1.9621  81.1300 0006549 131.1397 243.1768  1.00271107 15913
YAMAL 601               
1 44307U 19031A   23249.81091272  .00000108  00000+0  00000+0 0  9999
2 44307   0.0125 199.7084 0002421 335.2647 151.5867  1.00272304 15744
AT&T T-16               
1 44333U 19034A   23249.61476854 -.00000126  00000+0  00000+0 0  9993
2 44333   0.0223 137.4628 0000225 144.1604 184.2578  1.00268772 15460
EUTELSAT 7C             
1 44334U 19034B   23250.06614038  .00000037  00000+0  00000+0 0  9993
2 44334   0.0814 226.6872 0003196 287.9095 222.0858  1.00273943 15962
BEIDOU-3 IGSO-2         
1 44337U 19035A   23249.77058240 -.00000159  00000+0  00000+0 0  9996
2 44337  55.1533 167.7711 0033044 197.1269  17.8660  1.00273995 15521
COSMOS 2539             
1 44457U 19048A   23250.06718465  .00000070  00000+0  00000+0 0  9990
2 44457   0.0143 125.4155 0000374  76.4008 180.2501  1.00272967 15069
EDRS-C                  
1 44475U 19049A   23249.95278719  .00000143  00000+0  00000+0 0  9991
2 44475   0.1002 261.4091 0000656 271.9621 186.6273  1.00275920 15024
INTELSAT 39 (IS-39)     
1 44476U 19049B   23249.89771556  .00000022  00000+0  00000+0 0  9998
2 44476   0.0227 136.1083 0000839 216.5186  18.2091  1.00271130 14965
AMOS-17                 
1 44479U 19050A   23250.06814191  .00000098  00000+0  00000+0 0  9990
2 44479   0.0176 144.4781 0001984  53.3896 189.5433  1.00273306 15011
AEHF-5 (USA 292)        
1 44481U 19051A   23249.81091272  .00000075  00000+0  00000+0 0  9997
2 44481   3.3303 305.0648 0044148 355.3861  31.6640  1.00268419 15099
EUTELSAT 5 WEST B       
1 44624U 19067A   23249.70553314 -.00000053  00000+0  00000+0 0  9998
2 44624   0.0931 316.4621 0004391 208.3507  69.7105  1.00273174 14277
MEV-1                   
1 44625U 19067B   23249.44594510 -.00000213  00000+0  00000+0 0  9991
2 44625   0.0429 270.5113 0000689 305.5534 262.2487  1.00272136 12810
TJS-4                   
1 44637U 19070A   23250.11854876 -.00000182  00000+0  00000+0 0  9993
2 44637   0.0149 201.2785 0001968 348.7447 282.0724  1.00274473 14374
BEIDOU-3 IGSO-3         
1 44709U 19073A   23249.51810742 -.00000166  00000+0  00000+0 0  9994
2 44709  56.5303 291.7294 0035195 189.9477 170.0645  1.00281538 14286
TIBA-1                  
1 44800U 19080A   23249.71353921  .00000144  00000+0  00000+0 0  9992
2 44800   0.0548 344.7633 0002232 195.1379  98.0264  1.00268661 13888
INMARSAT GX5            
1 44801U 19080B   23249.70866595  .00000063  00000+0  00000+0 0  9998
2 44801   0.0499  41.1174 0001928 140.6600  69.8571  1.00271954 13937
JCSAT-18 (KACIFIC 1)    
1 44868U 19091A   23250.02063351 -.00000213  00000+0  00000+0 0  9997
2 44868   0.0372 326.9087 0000766 294.7435 241.6019  1.00271110 13923
ELEKTRO-L 3             
1 44903U 19095A   23250.07997698 -.00000109  00000+0  00000+0 0  9990
2 44903   0.0532 338.9658 0001443 201.6231 270.1645  1.00271708 13523
SHIJIAN-20 (SJ-20)      
1 44910U 19097A   23249.84979917  .00000138  00000+0  00000+0 0  9998
2 44910   2.3054  87.1901 0002992 119.5696 124.9538  1.00271179 13520
TJS-5                   
1 44978U 20002A   23249.85561215 -.00000354  00000+0  00000+0 0  9990
2 44978   0.1607 291.3370 0002192 232.7363 237.1258  1.00270825 13538
GSAT-30                 
1 45026U 20005A   23250.08128233 -.00000176  00000+0  00000+0 0  9996
2 45026   0.0248 247.5871 0001901 239.2863 331.2684  1.00270203 13366
EUTELSAT KONNECT        
1 45027U 20005B   23249.70788274  .00000038  00000+0  00000+0 0  9997
2 45027   0.0465  96.5001 0000446 131.2563  19.7867  1.00272938 14152
JCSAT-17                
1 45245U 20013A   23249.69355024 -.00000323  00000+0  00000+0 0  9997
2 45245   5.7748 347.7236 0004295 180.8198 202.6313  1.00270540 13066
GEO-KOMPSAT-2B          
1 45246U 20013B   23249.73313146 -.00000356  00000+0  00000+0 0  9998
2 45246   0.0481 309.4527 0001528 278.5907 149.6980  1.00271602 13099
BEIDOU-3 G2             
1 45344U 20017A   23250.08076019 -.00000152  00000+0  00000+0 0  9990
2 45344   2.0495  16.3384 0003169 159.7027 278.9589  1.00272837 13100
AEHF-6 (USA 298)        
1 45465U 20022B   23249.60360587 -.00000307  00000+0  00000+0 0  9994
2 45465   4.9016 299.7403 0044522   5.7560  34.9426  1.00275014 12810
BEIDOU-3 G3             
1 45807U 20040A   23249.81879038 -.00000365  00000+0  00000+0 0  9997
2 45807   0.6134 344.2602 0005911 330.9006  75.8005  1.00274750 11900
APSTAR 6D               
1 45863U 20045A   23249.73313146 -.00000330  00000+0  00000+0 0  9990
2 45863   0.0194 103.5311 0001871  55.6598 224.2740  1.00267780 11689
KOREASAT 116            
1 45920U 20048A   23249.86743072 -.00000374  00000+0  00000+0 0  9994
2 45920   0.0372 295.8769 0001594 263.7075 214.5652  1.00269120 11467
EXPRESS 103             
1 45985U 20053A   23249.87341101 -.00000292  00000+0  00000+0 0  9998
2 45985   0.0263 254.3043 0000130 269.8527 232.4734  1.00272225 11477
EXPRESS 80              
1 45986U 20053B   23249.81775039 -.00000147  00000+0  00000+0 0  9993
2 45986   0.0173 184.8496 0000342 249.0856 286.0685  1.00270168 11471
BSAT-4B                 
1 46112U 20056A   23249.86111416 -.00000362  00000+0  00000+0 0  9995
2 46112   0.0282 195.6224 0004635 320.3584 249.5417  1.00272181 11219
MEV-2                   
1 46113U 20056B   23249.34799480 -.00000022  00000+0  00000+0 0  9995
2 46113   0.0421 272.1111 0001028 278.8607 278.4964  1.00272160 70453
GALAXY 30 (G-30)        
1 46114U 20056C   23249.68160191  .00000026  00000+0  00000+0 0  9997
2 46114   0.0184 128.4185 0002370  52.8248 284.6251  1.00272700 11123
GAOFEN 13-01            
1 46610U 20071A   23249.86793812 -.00000374  00000+0  00000+0 0  9994
2 46610   0.2639  88.7657 0004853 281.1212  46.0960  1.00263751 10749
TIANTONG-1 2            
1 46916U 20082A   23249.77663308 -.00000366  00000+0  00000+0 0  9992
2 46916   3.0469 293.2367 0002067 267.7191 189.2079  1.00273707 10486
LUCAS (JDRS-1)          
1 47202U 20089A   23249.87341101 -.00000248  00000+0  00000+0 0  9992
2 47202   0.0158 218.4694 0002207 308.9991 223.4176  1.00273693 10248
SXM-7                   
1 47240U 20096A   23249.61790135 -.00000216  00000+0  00000+0 0  9994
2 47240   0.0363 351.6745 0000354 160.1468 330.8288  1.00271681 10144
CMS-01                  
1 47256U 20099A   23250.08128233 -.00000176  00000+0  00000+0 0  9996
2 47256   0.0162 130.6252 0006502 121.6539 205.8653  1.00271006 10023
TURKSAT 5A              
1 47306U 21001A   23249.71266899  .00000143  00000+0  00000+0 0  9998
2 47306   0.0195 110.0528 0000296 164.0463 358.9292  1.00273070  9800
TIANTONG-1 3            
1 47321U 21003A   23249.83907373 -.00000164  00000+0  00000+0 0  9993
2 47321   3.4670 309.2499 0003712 237.6014 182.3829  1.00273025  9799
TJS-6                   
1 47613U 21010A   23250.10674593  .00000031  00000+0  00000+0 0  9994
2 47613   0.4790  83.7394 0001498 160.4031 318.6702  1.00273114  9638
SBIRS GEO-5 (USA 315)   
1 48618U 21042A   23249.92559889  .00000110  00000+0  00000+0 0  9991
2 48618   6.6062 325.4682 0002031 219.5941 154.7812  1.00272454  8568
FENGYUN 4B              
1 48808U 21047A   23249.81855104 -.00000337  00000+0  00000+0 0  9996
2 48808   0.1816  82.7065 0001988  70.0759 260.2702  1.00262553  8403
SXM-8                   
1 48838U 21049A   23249.85294993 -.00000216  00000+0  00000+0 0  9994
2 48838   0.0205 227.7944 0003210 141.0484 198.6767  1.00272505  8434
TIANLIAN 1-05           
1 49011U 21063A   23250.06814191  .00000097  00000+0  00000+0 0  9993
2 49011   1.0370 279.2982 0003867 247.7235 220.1336  1.00274573  7903
STAR ONE D2             
1 49055U 21069A   23249.86203145 -.00000276  00000+0  00000+0 0  9994
2 49055   0.0141 157.0444 0002658   9.3807  59.6034  1.00272590  7767
EUTELSAT QUANTUM        
1 49056U 21069B   23249.89077094  .00000114  00000+0  00000+0 0  9990
2 49056   0.0374 340.3246 0002106 210.5205 163.2490  1.00269543  7750
CHINASAT 2E (ZX 2E)     
1 49062U 21071A   23250.08432811 -.00000303  00000+0  00000+0 0  9996
2 49062   0.0565 305.9597 0001893 340.3290 188.0318  1.00271661  7874
TJS-7                   
1 49115U 21077A   23250.11528035 -.00000135  00000+0  00000+0 0  9992
2 49115   0.4194  95.2421 0003121 263.2906 289.3914  1.00269800  7647
CHINASAT 9B             
1 49125U 21080A   23250.08502431 -.00000324  00000+0  00000+0 0  9995
2 49125   0.0186 117.6471 0003117  64.9460 295.3249  1.00272797  7462
SHIJIAN-21 (SJ-21)      
1 49330U 21094A   23249.57108319  .00000122  00000+0  00000+0 0  9992
2 49330   9.2760  47.2179 0079934  27.1631 156.0484  1.00372233  7081
SES-17                  
1 49332U 21095A   23249.90810735 -.00000284  00000+0  00000+0 0  9994
2 49332   0.0184 129.2000 0001062  47.5813  68.7637  1.00269411  7667
SYRACUSE 4A             
1 49333U 21095B   23249.89077094  .00000123  00000+0  00000+0 0  9997
2 49333   0.0190 133.9819 0001512  26.9713 190.9360  1.00269991  7805
QZS-1R                  
1 49336U 21096A   23223.77030010 -.00000338  00000+0  00000+0 0  9996
2 49336  35.3027  95.2768 0759716 272.3783 359.4413  1.00237636  6587
CHINASAT 1D (ZX 1D)     
1 49505U 21114A   23249.81855104 -.00000348  00000+0  00000+0 0  9998
2 49505   0.3399 271.8935 0001817 296.0814 202.5098  1.00272745  6663
STPSAT-6                
1 49817U 21118A   23250.04255726 -.00000057  00000+0  00000+0 0  9996
2 49817   0.0165 222.8835 0000589 347.4292  39.1940  1.00272871  6400
LDPE-1                  
1 49818U 21118B   23250.07345029  .00000090  00000+0  00000+0 0  9992
2 49818   1.4949  91.8721 0004093 198.6495 125.3140  1.00631901  6457
EXPRESS AMU-7           
1 50001U 21123A   23249.63756819 -.00000254  00000+0  00000+0 0  9990
2 50001   0.0193 234.5067 0000431 224.0384 261.4574  1.00272622  6365
EXPRESS AMU-3           
1 50002U 21123B   23249.75430306 -.00000332  00000+0  00000+0 0  9991
2 50002   0.0173 188.3556 0000637 300.5938 231.0563  1.00272802  6334
TIANLIAN 2-02           
1 50005U 21124A   23250.06594664 -.00000025  00000+0  00000+0 0  9998
2 50005   1.4104 277.1048 0001772 232.3153  31.2135  1.00273637  6445
TURKSAT 5B              
1 50212U 21126A   23249.76716141  .00000134  00000+0  00000+0 0  9991
2 50212   0.0668 338.0184 0001691 329.3699 356.3684  1.00271450  6121
INMARSAT 6-F1           
1 50319U 21128A   23249.79488148 -.00000184  00000+0  00000+0 0  9993
2 50319   0.0137 103.7367 0001106 146.7515 105.0538  1.00270353  6082
SHIYAN 12 01 (SY-12 01) 
1 50321U 21129A   23249.85149292 -.00000308  00000+0  00000+0 0  9996
2 50321   1.0450  96.9015 0002055 150.5894 148.3605  1.00082664  6322
SHIYAN 12 02 (SY-12 02) 
1 50322U 21129B   23249.90119005  .00000025  00000+0  00000+0 0  9997
2 50322   1.0448  96.9213 0002648 130.8070 139.7188  1.00453355  6324
TJS-9                   
1 50574U 21135A   23249.81855104 -.00000311  00000+0  00000+0 0  9999
2 50574   0.0247 119.8232 0003618  72.7143 224.9345  1.00267425  6264
USA 324                 
1 51280U 22006A   23240.27856359 -.00000114  00000+0  00000+0 0  9997
2 51280   1.0628  92.6347 0000443 182.7741 318.7504  1.00397336  5833
USA 325                 
1 51281U 22006B   23240.28291472  .00000058  00000+0  00000+0 0  9994
2 51281   0.2695  93.9888 0001105 110.8633  52.7544  1.00383782  5841
GOES 18                 
1 51850U 22021A   23250.03750995  .00000085  00000+0  00000+0 0  9997
2 51850   0.0141  20.6385 0000384 184.9725  16.7360  1.00271778  5632
CHINASAT 6D             
1 52255U 22038A   23249.69282153 -.00000366  00000+0  00000+0 0  9994
2 52255   0.0833 269.8699 0001905 325.4331 124.6767  1.00269443  5243
NILESAT 301             
1 52817U 22061A   23249.70509802 -.00000069  00000+0  00000+0 0  9999
2 52817   0.0502 335.3267 0002122 182.7625  74.2584  1.00272464  4571
CMS-02 (GSAT 24)        
1 52903U 22067A   23249.79491199 -.00000176  00000+0  00000+0 0  9998
2 52903   0.0805 272.7170 0006025 195.9438 246.1295  1.00271169  4440
MEASAT 3D               
1 52904U 22067B   23250.08302278 -.00000253  00000+0  00000+0 0  9998
2 52904   0.0537 314.3314 0002031 279.1428 233.8179  1.00271901  4474
SES-22                  
1 52933U 22071A   23249.67960039  .00000077  00000+0  00000+0 0  9996
2 52933   0.0193 139.4886 0001132  37.5014 278.1492  1.00272415  4361
WFOV (USA 332)          
1 52940U 22073A   23249.82277225 -.00000374  00000+0  00000+0 0  9992
2 52940   1.0863  92.3066 0004197  77.9746 230.8454  1.00271995  4191
TIANLIAN 2-03           
1 53100U 22078A   23249.78913302  .00000060  00000+0  00000+0 0  9995
2 53100   1.9635 280.6641 0001450 234.7862 124.8447  1.00268869  4389
SBIRS GEO-6 (USA 336)   
1 53355U 22092A   23249.59210932  .00000108  00000+0  00000+0 0  9994
2 53355   5.1651 310.9301 0012765 185.6388 277.0072  1.00275274  4061
EUTELSAT KONNECT VHTS   
1 53765U 22110A   23250.06535719  .00000005  00000+0  00000+0 0  9993
2 53765   0.0478  97.8834 0002800  68.2622 205.9390  1.00269676  3628
CHINASAT 1E (ZX 1E)     
1 53813U 22112A   23249.83916582 -.00000161  00000+0  00000+0 0  9997
2 53813   0.6085 277.3564 0002392 256.7845 194.9803  1.00273837  3680
SES-20                  
1 53960U 22123A   23249.90098442 -.00000113  00000+0  00000+0 0  9993
2 53960   0.0164 166.6742 0001692 300.8252  99.4735  1.00271448  3362
SES-21                  
1 53961U 22123B   23250.07577597  .00000058  00000+0  00000+0 0  9994
2 53961   0.0161  91.3806 0001045  66.9153  83.8915  1.00270515  3379
GALAXY 33 (G-33)        
1 54026U 22128A   23249.85618260  .00000068  00000+0  00000+0 0  9990
2 54026   0.0199 125.0817 0001794  51.1100 344.7018  1.00270042  3580
GALAXY 34 (G-34)        
1 54027U 22128B   23250.03916338  .00000047  00000+0  00000+0 0  9997
2 54027   0.0117 131.5902 0001465  38.9730  60.4086  1.00274245  3604
ANGOSAT 2               
1 54033U 22131A   23249.56777632  .00000124  00000+0  00000+0 0  9992
2 54033   0.0047 159.2580 0000972 125.9043 287.6309  1.00273134  3302
EUTELSAT HOTBIRD 13F    
1 54048U 22134A   23250.06735869  .00000076  00000+0  00000+0 0  9990
2 54048   0.0899 289.0707 0004027 342.2916 111.7695  1.00272109  3276
EUTELSAT HOTBIRD 13G    
1 54225U 22146A   23250.06735869  .00000076  00000+0  00000+0 0  9990
2 54225   0.0703 258.2073 0005811 314.7972 170.1293  1.00271364  3049
CHINASAT 19 (ZX 19)     
1 54230U 22148A   23249.75535491 -.00000091  00000+0  00000+0 0  9999
2 54230   0.0125 199.7026 0007773  35.8730 185.2814  1.00272511  3199
GALAXY 31 (G-31)        
1 54243U 22153A   23250.04072979  .00000001  00000+0  00000+0 0  9990
2 54243   0.0154 189.5998 0002548  50.2891 359.6373  1.00272975  2981
GALAXY 32 (G-32)        
1 54244U 22153B   23249.54505483 -.00000185  00000+0  00000+0 0  9999
2 54244   0.0145 120.5025 0000143 289.3638  40.7205  1.00270421  2965
EUTELSAT 10B            
1 54259U 22157A   23249.70849191  .00000057  00000+0  00000+0 0  9991
2 54259   0.0499  97.9904 0004170 126.9013  25.6744  1.00272264  2858
GALAXY 35 (G-35)        
1 54741U 22170A   23250.04629924 -.00000173  00000+0  00000+0 0  9991
2 54741   0.0234 138.0373 0001968  70.9058  60.4706  1.00265627  2734
GALAXY 36 (G-36)        
1 54742U 22170B   23249.61711815 -.00000196  00000+0  00000+0 0  9999
2 54742   0.0178 157.9397 0002677 328.4200 352.2423  1.00272256  2606
METEOSAT-12 (MTG-I1)    
1 54743U 22170C   23249.70588123 -.00000041  00000+0  00000+0 0  9993
2 54743   0.5587 318.4028 0002226 198.4289  79.6162  1.00266514  2805
SHIJIAN-23 (SJ-23)      
1 55131U 23002A   23249.87423816 -.00000171  00000+0  00000+0 0  9999
2 55131   1.0931  91.5720 0006077 147.5826 211.9576  1.00443387  2337
USA 340                 
1 55138U 22144E   23249.81250000 -.00000251  00000+0  00000+0 0  9998
2 55138   3.1730  64.4052 0002964 232.0692 254.9824  1.00652856  2801
USA 342                 
1 55263U 23008A   23249.68221108  .00000007  00000+0  00000+0 0  9997
2 55263   0.0327 324.6229 0000679 285.8467 218.7343  1.00271005  2359
LDPE-3A                 
1 55264U 23008B   23249.76716141  .00000105  00000+0  00000+0 0  9992
2 55264   0.5095  89.4174 0002075 193.8976  19.0074  1.00632173  1637
ELEKTRO-L 4             
1 55506U 23016A   23249.58016361 -.00000071  00000+0  00000+0 0  9990
2 55506   0.0896 350.1851 0000978 271.4415  98.3600  1.00271498  2142
AMAZONAS NEXUS          
1 55508U 23017A   23250.05265187 -.00000294  00000+0  00000+0 0  9996
2 55508   0.0403  60.8458 0002729  69.5201 173.4524  1.00272264  2086
CHINASAT 26 (ZX 26)     
1 55686U 23023A   23250.01801690 -.00000365  00000+0  00000+0 0  9990
2 55686   0.0529  84.4051 0002608  38.5589 354.4659  1.00267150  2071
LUCH-5X (OLYMP-K 2)     
1 55841U 23031A   23250.06657550  .00000049  00000+0  00000+0 0  9999
2 55841   0.0183 233.7002 0001317 262.3914 242.6726  1.00269465  1781
GAOFEN 13-02            
1 55912U 23036A   23249.64388477 -.00000243  00000+0  00000+0 0  9991
2 55912   2.6634 301.6052 0003495 287.4339 134.8638  1.00268551  1922
SES-18                  
1 55970U 23038A   23249.54261819 -.00000112  00000+0  00000+0 0  9991
2 55970   0.0489 266.9280 0001997 315.4555 215.2335  1.00270969  1923
SES-19                  
1 55971U 23038B   23249.67968743  .00000077  00000+0  00000+0 0  9995
2 55971   0.0492 288.2110 0001624 233.8818 293.1765  1.00271047  1895
INTELSAT 40E (IS-40E)   
1 56174U 23052A   23249.61668303 -.00000185  00000+0  00000+0 0  9991
2 56174   0.0096 151.4577 0002919  26.0001 298.9947  1.00271989  1657
VIASAT-3                
1 56370U 23060A   23250.03890233  .00000091  00000+0  00000+0 0  9990
2 56370   0.0603 105.8123 0000427 221.5989 262.3966  0.99760162  1264
ARCTURUS                
1 56371U 23060B   23249.67403094  .00000116  00000+0  00000+0 0  9992
2 56371   0.1449  87.5328 0002054 138.3262 199.2888  1.00273799  1285
GS-1                    
1 56372U 23060C   23249.82032698 -.00000374  00000+0  00000+0 0  9995
2 56372   0.3378  84.5109 0001262  60.0981 252.7513  1.00278751  1274
BEIDOU-3 G4             
1 56564U 23066A   23249.66663402 -.00000123  00000+0  00000+0 0  9991
2 56564   2.8389 288.7871 0006811 213.4851 243.1818  1.00273047  1225
IRNSS-1J (NVS-01)       
1 56759U 23076A   23250.01888712 -.00000348  00000+0  00000+0 0  9991
2 56759   4.7330 272.0102 0006050 335.5285 234.5874  1.00272799  1031
H2SAT (HEINRICH HERTZ)  
1 57213U 23093A   23249.70657741 -.00000011  00000+0  00000+0 0  9993
2 57213   0.0152 143.8630 0003263  46.6723  49.8533  1.00269547   742
GALAXY 37 (G-37)        
1 57493U 23112A   23249.67707674  .00000118  00000+0  00000+0 0  9999
2 57493   0.0421 319.5534 0003203 280.9872 200.7554  1.00272676   353
LUDI TANCE-4 01A        
1 57624U 23120A   23249.80269281 -.00000190  00000+0  00000+0 0  9997
2 57624  16.0824 218.4526 0002765 302.0458 203.4357  1.00266638   373
