STARLETTE               
1 07646U 75010A   23249.88823995 -.00000129  00000+0  98420-5 0  9998
2 07646  49.8242 148.1439 0205710 312.3288  46.0337 13.82321061454234
LAGEOS 1                
1 08820U 76039A   23249.43831447 -.00000008  00000+0  00000+0 0  9994
2 08820 109.8100 191.7418 0044835 160.1076  10.7006  6.38664775848337
AJISAI (EGS)            
1 16908U 86061A   23249.87861994 -.00000083  00000+0  98701-4 0  9997
2 16908  50.0114  26.3331 0011492 118.3955  61.5955 12.44501512354080
COSMOS 1989 (ETALON 1)  
1 19751U 89001C   23249.90708186 -.00000011  00000+0  00000+0 0  9991
2 19751  64.4363 107.0206 0023956 214.7354 112.0331  2.13156292269748
COSMOS 2024 (ETALON 2)  
1 20026U 89039C   23249.51792500 -.00000097  00000+0  00000+0 0  9993
2 20026  65.4449 345.2535 0019035 218.0113 154.5973  2.13204350266867
LAGEOS 2                
1 22195U 92070B   23249.26031738 -.00000009  00000+0  00000+0 0  9995
2 22195  52.6427 188.0590 0138727 103.3076  61.6266  6.47293972729718
STELLA                  
1 22824U 93061B   23249.93065024 -.00000039  00000+0  31090-5 0  9996
2 22824  98.9228 286.1359 0005521 308.8681 176.7067 14.27409014560073
LARES                   
1 38077U 12006A   23249.68167959 -.00000032  00000+0  38304-4 0  9992
2 38077  69.4889 225.1065 0011501 277.3522  82.6197 12.54931438529782
