SARSAT 7 (NOAA 15)      
1 25338U 98030A   23250.02006289  .00000228  00000+0  11285-3 0  9991
2 25338  98.6020 277.6625 0011471  77.1035 283.1426 14.26384050316920
GPS BIIR-08             
1 27663U 03005A   23249.79255654  .00000046  00000+0  00000+0 0  9993
2 27663  55.2450 255.3122 0131931  44.6917 170.4326  2.00565893150968
GPS BIIR-11             
1 28190U 04009A   23249.29311160 -.00000079  00000+0  00000+0 0  9991
2 28190  55.6887 316.3918 0092893 138.7849 232.1187  2.00567255142590
GPS BIIR-13             
1 28474U 04045A   23249.72363944 -.00000112  00000+0  00000+0 0  9999
2 28474  55.4426   5.5969 0162381 282.6096  94.7294  2.00580059138085
SARSAT 10 (NOAA 18)     
1 28654U 05018A   23250.06653895  .00000275  00000+0  17117-3 0  9996
2 28654  98.9045 324.0441 0014994 145.3419 214.8732 14.13000306943139
GPS BIIR-14M            
1 28874U 05038A   23249.33426192 -.00000074  00000+0  00000+0 0  9995
2 28874  55.7400 313.8422 0139596 279.5340 142.6601  2.00575347131477
METEOSAT-9 (MSG-2)      
1 28912U 05049B   23249.81438137  .00000114  00000+0  00000+0 0  9999
2 28912   7.0295  63.1322 0002639 182.1853  79.2658  1.00276594 64878
GOES 13                 
1 29155U 06018A   23250.06438163  .00000026  00000+0  00000+0 0  9996
2 29155   1.7185  90.5995 0004974 120.0815 219.7134  1.00274447 63346
GPS BIIR-16M            
1 29601U 06052A   23249.30432129  .00000045  00000+0  00000+0 0  9992
2 29601  55.2660 254.2909 0083285  79.3997 281.5561  2.00549695123054
GPS BIIR-17M            
1 32260U 07047A   23249.12035021 -.00000037  00000+0  00000+0 0  9994
2 32260  53.4653 122.0668 0151442  70.6665 291.0403  2.00551360116451
GPS BIIR-18M            
1 32384U 07062A   23248.62569715 -.00000076  00000+0  00000+0 0  9997
2 32384  55.8725 314.6917 0024885 150.3811 342.7851  2.00558818115140
SARSAT 12 (NOAA 19)     
1 33591U 09005A   23250.12135705  .00000233  00000+0  14993-3 0  9997
2 33591  99.0927 297.3310 0014002  16.7634 343.3998 14.12815904751511
GOES 14                 
1 35491U 09033A   23250.04316641 -.00000077  00000+0  00000+0 0  9997
2 35491   0.4300 265.8551 0004165 225.1173 121.8538  1.00272247 51986
GOES 15                 
1 36411U 10008A   23249.82624912 -.00000367  00000+0  00000+0 0  9993
2 36411   0.4062 275.2121 0004380 305.9568 184.5046  0.99982187 49475
GPS BIIF-2              
1 37753U 11036A   23249.72359830 -.00000105  00000+0  00000+0 0  9998
2 37753  56.7442  11.3749 0127070  56.3314 300.6065  2.00568584 88924
GSAT0101 (GALILEO-PFM)  
1 37846U 11060A   23249.64308251 -.00000108  00000+0  00000+0 0  9993
2 37846  57.1100   9.2369 0001587  76.2945 283.7262  1.70475929 73821
GSAT0102 (GALILEO-FM2)  
1 37847U 11060B   23249.56863657 -.00000107  00000+0  00000+0 0  9990
2 37847  57.1107   9.2390 0001173 341.9613  18.6392  1.70475338 73832
LUCH 5A                 
1 37951U 11074B   23249.88305778 -.00000058  00000+0  00000+0 0  9996
2 37951   6.1494  89.6502 0004723  65.0852 315.9691  1.00275122 43026
METEOSAT-10 (MSG-3)     
1 38552U 12035B   23249.70649038 -.00000019  00000+0  00000+0 0  9990
2 38552   2.3403  57.3945 0000328  51.3437 131.1369  1.00264901 40681
SARSAT 13 (METOP-B)     
1 38771U 12049A   23250.09272300  .00000146  00000+0  86524-4 0  9996
2 38771  98.6713 308.0698 0001316 104.4638 285.4256 14.21510393569183
GPS BIIF-3              
1 38833U 12053A   23249.21154158  .00000003  00000+0  00000+0 0  9994
2 38833  53.5129 185.1163 0142103  51.9732 309.2925  2.00567212 79084
GSAT0103 (GALILEO-FM3)  
1 38857U 12055A   23249.09567318 -.00000024  00000+0  00000+0 0  9998
2 38857  55.2824 129.4445 0002775 265.7158  94.3282  1.70473717 67708
GSAT0104 (GALILEO-FM4)  
1 38858U 12055B   23248.47854824 -.00000021  00000+0  00000+0 0  9998
2 38858  55.2825 129.4631 0000269 206.4453 153.6310  1.70473948 67698
GPS BIIF-4              
1 39166U 13023A   23249.07380831 -.00000067  00000+0  00000+0 0  9996
2 39166  55.3553 310.0476 0114244  41.7160 319.2098  2.00564272 75528
INSAT-3D                
1 39216U 13038B   23249.83888936 -.00000168  00000+0  00000+0 0  9993
2 39216   0.0554 282.5126 0001775 293.7048 153.5286  1.00271924 36900
GPS BIIF-5              
1 39533U 14008A   23249.07243236  .00000013  00000+0  00000+0 0  9995
2 39533  53.6001 190.6798 0067223 215.7466 143.7902  2.00551776 69320
LUCH 5V                 
1 39727U 14023A   23249.91716124 -.00000281  00000+0  00000+0 0  9999
2 39727   2.5800  77.2759 0003632 134.1707 199.1987  1.00270356 34183
GPS BIIF-6              
1 39741U 14026A   23249.35400112 -.00000105  00000+0  00000+0 0  9998
2 39741  56.6968  10.9115 0029054 310.8578  48.8988  2.00557031 68186
GPS BIIF-7              
1 40105U 14045A   23249.43766092 -.00000038  00000+0  00000+0 0  9991
2 40105  54.8132 128.9881 0024926 113.2024 247.1303  2.00577878 65722
GSAT0201 (GALILEO 5)    
1 40128U 14050A   23249.49895939 -.00000092  00000+0  00000+0 0  9991
2 40128  49.9331 314.4807 1608803 140.4617 232.4702  1.85519218 59499
GSAT0202 (GALILEO 6)    
1 40129U 14050B   23248.68035222 -.00000092  00000+0  00000+0 0  9993
2 40129  49.9530 313.5850 1606769 141.2391 231.4765  1.85519849 61644
GPS BIIF-8              
1 40294U 14068A   23249.81496897 -.00000034  00000+0  00000+0 0  9996
2 40294  56.1798  70.3627 0049129  61.9667 298.5729  2.00572014 64847
GLONASS-K 2             
1 40315U 14075A   23249.29271905  .00000066  00000+0  00000+0 0  9995
2 40315  63.6404 225.5913 0019975 211.3441 148.5284  2.13101337 68223
GPS BIIF-9              
1 40534U 15013A   23248.95391502  .00000045  00000+0  00000+0 0  9996
2 40534  53.4642 246.2226 0080433  25.2908 335.1054  2.00554618 61469
GSAT0203 (GALILEO 7)    
1 40544U 15017A   23248.83595987 -.00000107  00000+0  00000+0 0  9991
2 40544  56.9051   9.2315 0003176 225.9715 134.0054  1.70476215 51896
GSAT0204 (GALILEO 8)    
1 40545U 15017B   23247.91642251 -.00000105  00000+0  00000+0 0  9995
2 40545  56.9112   9.2708 0003472 207.9226 152.0612  1.70475680 52545
GPS BIIF-10             
1 40730U 15033A   23249.11561307 -.00000065  00000+0  00000+0 0  9990
2 40730  54.8438 308.6590 0085247  13.9539 346.3411  2.00555172 59637
METEOSAT-11 (MSG-4)     
1 40732U 15034A   23249.70840487  .00000053  00000+0  00000+0 0  9993
2 40732   0.7375  53.1532 0000383 347.3390 209.4830  1.00278590 29843
GSAT0205 (GALILEO 9)    
1 40889U 15045A   23248.85752093  .00000039  00000+0  00000+0 0  9992
2 40889  55.3634 249.6539 0003529 358.2124   1.7911  1.70473426 49702
GSAT0206 (GALILEO 10)   
1 40890U 15045B   23247.31844457  .00000034  00000+0  00000+0 0  9995
2 40890  55.3631 249.6919 0002361 323.6055  36.3796  1.70473376 49704
GPS BIIF-11             
1 41019U 15062A   23248.66964654 -.00000039  00000+0  00000+0 0  9995
2 41019  56.1623  70.2577 0089155 221.0079 138.3599  2.00562295 57468
ELEKTRO-L 2             
1 41105U 15074A   23249.91855005 -.00000129  00000+0  00000+0 0  9992
2 41105   4.1127  82.8600 0002835 136.1079  82.9240  1.00271082 28340
GSAT0209 (GALILEO 12)   
1 41174U 15079A   23247.49020007 -.00000015  00000+0  00000+0 0  9994
2 41174  55.2996 129.1956 0003106 330.4649  29.5994  1.70473946 48020
GSAT0208 (GALILEO 11)   
1 41175U 15079B   23248.29637868 -.00000020  00000+0  00000+0 0  9999
2 41175  55.2983 129.1716 0002680 327.3126  32.7495  1.70473937 48035
GPS BIIF-12             
1 41328U 16007A   23249.26012668 -.00000036  00000+0  00000+0 0  9991
2 41328  55.0172 129.7739 0071395 233.8671 125.5394  2.00575445 55486
GSAT0211 (GALILEO 14)   
1 41549U 16030A   23247.24412218  .00000034  00000+0  00000+0 0  9990
2 41549  55.5104 249.6742 0003952 307.8252  52.1401  1.70473483 45330
GSAT0210 (GALILEO 13)   
1 41550U 16030B   23248.70882852  .00000039  00000+0  00000+0 0  9994
2 41550  55.5090 249.6351 0004212 275.0252  84.9311  1.70473596 45358
INSAT-3DR               
1 41752U 16054A   23250.07954187 -.00000089  00000+0  00000+0 0  9994
2 41752   0.0303  88.3878 0012235 175.0908 185.0591  1.00272030 25632
GSAT0207 (GALILEO 15)   
1 41859U 16069A   23248.95720124 -.00000024  00000+0  00000+0 0  9993
2 41859  54.9630 129.2268 0002969 308.8215  51.2282  1.70473919 42095
GSAT0212 (GALILEO 16)   
1 41860U 16069B   23248.22529093 -.00000020  00000+0  00000+0 0  9993
2 41860  54.9600 129.2439 0002288   0.6676 359.4114  1.70474068 42336
GSAT0213 (GALILEO 17)   
1 41861U 16069C   23249.17793981 -.00000025  00000+0  00000+0 0  9993
2 41861  54.9627 129.2235 0002630 277.1924  82.8532  1.70472902 42345
GSAT0214 (GALILEO 18)   
1 41862U 16069D   23248.15201428 -.00000020  00000+0  00000+0 0  9996
2 41862  54.9609 129.2458 0001807 287.3467  72.7124  1.70472640 42325
GOES 16                 
1 41866U 16071A   23249.54818765 -.00000259  00000+0  00000+0 0  9999
2 41866   0.0803 283.3541 0000776 306.7994 237.3542  1.00271446 24931
GSAT-17                 
1 42815U 17040B   23250.08337087 -.00000269  00000+0  00000+0 0  9996
2 42815   0.0273 255.5863 0003767   3.9032 209.9180  1.00270764 22705
GSAT0215 (GALILEO 19)   
1 43055U 17079A   23249.22726105  .00000041  00000+0  00000+0 0  9999
2 43055  55.4859 249.4456 0003731 269.0299  90.9330  1.70474132 35685
GSAT0216 (GALILEO 20)   
1 43056U 17079B   23246.58625198  .00000032  00000+0  00000+0 0  9996
2 43056  55.4873 249.5184 0005310 274.6738  85.2661  1.70474233 35659
GSAT0217 (GALILEO 21)   
1 43057U 17079C   23249.15295128  .00000041  00000+0  00000+0 0  9999
2 43057  55.4843 249.4465 0004652 286.2745  73.6798  1.70474220 35684
GSAT0218 (GALILEO 22)   
1 43058U 17079D   23249.37300422  .00000041  00000+0  00000+0 0  9998
2 43058  55.4844 249.4380 0005753 271.9733  87.9669  1.70474206 35716
GOES 17                 
1 43226U 18022A   23250.04394962 -.00000102  00000+0  00000+0 0  9991
2 43226   0.0144 285.2906 0001987 241.9964  89.6927  1.00272045 20262
GSAT0221 (GALILEO 25)   
1 43564U 18060A   23248.68616472 -.00000106  00000+0  00000+0 0  9992
2 43564  57.2856   9.1641 0002793 253.2065 106.7658  1.70476096 31852
GSAT0222 (GALILEO 26)   
1 43565U 18060B   23248.31766755 -.00000105  00000+0  00000+0 0  9992
2 43565  57.2891   9.1752 0003396 210.7100 149.2728  1.70475838 31890
GSAT0219 (GALILEO 23)   
1 43566U 18060C   23249.71316565 -.00000107  00000+0  00000+0 0  9990
2 43566  57.2883   9.1397 0001858 255.5023 104.4802  1.70476118 31897
GSAT0220 (GALILEO 24)   
1 43567U 18060D   23248.76041858 -.00000106  00000+0  00000+0 0  9994
2 43567  57.2879   9.1649 0002289 249.1681 110.8103  1.70475983 31862
BEIDOU-3 M13            
1 43622U 18072A   23247.00881806 -.00000023  00000+0  00000+0 0  9998
2 43622  55.7699  96.4758 0004547 299.6749  60.3589  1.86231590 33715
BEIDOU-3 M14            
1 43623U 18072B   23248.48512151 -.00000032  00000+0  00000+0 0  9996
2 43623  55.7729  96.4191 0003097 347.9212  12.1454  1.86231613 33736
GPS BIII-1              
1 43873U 18109A   23249.65401573 -.00000039  00000+0  00000+0 0  9996
2 43873  55.1933 132.2735 0025639 191.0626 348.7081  2.00568979 34729
METEOR-M2 2             
1 44387U 19038A   23250.11154180  .00000072  00000+0  50973-4 0  9996
2 44387  98.7840 213.8805 0002412  73.1124 287.0319 14.23802894216963
GPS BIII-2              
1 44506U 19056A   23249.84790586 -.00000107  00000+0  00000+0 0  9994
2 44506  55.8218  11.3410 0037003 185.2698  34.0867  2.00565706 29721
BEIDOU-3 M23            
1 44542U 19061A   23249.40078590  .00000046  00000+0  00000+0 0  9997
2 44542  54.4877 216.9896 0008395 339.2735  20.6671  1.86231476 26899
BEIDOU-3 M24            
1 44543U 19061B   23249.77381980  .00000044  00000+0  00000+0 0  9996
2 44543  54.4861 216.9458 0005880 322.3101 199.6263  1.86231839 26902
BEIDOU-3 M21            
1 44793U 19078A   23249.24614385 -.00000116  00000+0  00000+0 0  9992
2 44793  54.7558 335.2418 0004800  18.6055 341.4533  1.86232242 25747
BEIDOU-3 M22            
1 44794U 19078B   23248.30281099 -.00000113  00000+0  00000+0 0  9998
2 44794  54.7303 335.2566 0002761   9.8975 350.1500  1.86232650 25730
ELEKTRO-L 3             
1 44903U 19095A   23250.07997698 -.00000109  00000+0  00000+0 0  9990
2 44903   0.0532 338.9658 0001443 201.6231 270.1645  1.00271708 13523
GPS BIII-3              
1 45854U 20041A   23249.61520663 -.00000038  00000+0  00000+0 0  9992
2 45854  55.8851  68.6324 0036134 186.0848 168.6221  2.00563575 23689
COSMOS 2547             
1 46805U 20075A   23248.93477212  .00000068  00000+0  00000+0 0  9993
2 46805  64.6162 226.4496 0008556 244.0365 115.8671  2.13102898 22277
GPS BIII-4              
1 46826U 20078A   23249.40905267  .00000045  00000+0  00000+0 0  9993
2 46826  54.3113 251.9791 0036032 194.7166 346.6238  2.00562758 21153
GSAT0223 (GALILEO 27)   
1 49809U 21116A   23249.19614032 -.00000107  00000+0  00000+0 0  9994
2 49809  57.2798   9.0491 0003359 178.8993 178.7694  1.70476142 10878
GSAT0224 (GALILEO 28)   
1 49810U 21116B   23248.95957543 -.00000107  00000+0  00000+0 0  9996
2 49810  57.2805   9.0536 0002820 170.5434 154.4219  1.70476124 10896
GOES 18                 
1 51850U 22021A   23250.03750995  .00000085  00000+0  00000+0 0  9997
2 51850   0.0141  20.6385 0000384 184.9725  16.7360  1.00271778  5632
