LEMUR-1                 
1 40044U 14033AL  23249.93386373  .00002926  00000+0  41359-3 0  9998
2 40044  97.6752  60.1906 0057178 150.1829 210.2660 14.76740622495729
LEMUR-2-ANUBHAVTHAKUR   
1 41873U 16062E   23249.73633729  .00024806  00000+0  57414-3 0  9991
2 41873  51.6757  46.4318 0004425  71.3474 288.7992 15.42302763377817
LEMUR-2-SATCHMO         
1 41993U 17008AX  23249.89708815  .00137062  00000+0  10968-2 0  9992
2 41993  97.1862 314.0570 0003632  92.5215 267.6464 15.70646225365107
LEMUR-2-RDEATON         
1 41995U 17008AZ  23249.92569432  .00082881  00000+0  93002-3 0  9997
2 41995  97.2022 313.4221 0004508 100.8959 259.2807 15.62371385365702
LEMUR-2-MIA-GRACE       
1 41998U 17008BC  23249.11357793  .00106766  00000+0  10972-2 0  9999
2 41998  97.1983 312.1840 0002969 108.1106 252.0477 15.64550288364804
LEMUR-2-LUCYBRYCE       
1 42773U 17036J   23249.73821528  .00416708  66341-4  14423-2 0  9992
2 42773  97.1246 289.7318 0006862 181.5050 178.6204 15.89431905345762
LEMUR-2-SAM-AMELIA      
1 42781U 17036S   23249.87350858  .00046042  00000+0  80489-3 0  9990
2 42781  97.1328 287.9076 0008130 141.7418 218.4413 15.50481486345626
LEMUR-2-GREENBERG       
1 42837U 17042N   23249.80247963  .00006045  00000+0  51237-3 0  9992
2 42837  97.3870  87.9342 0010516 299.8215  60.1962 14.98270508334987
LEMUR-2-ANDIS           
1 42838U 17042P   23249.53029203  .00004575  00000+0  38965-3 0  9997
2 42838  97.3860  87.5394 0010472 301.1250  58.8945 14.98202179334947
LEMUR-2-MONSON          
1 42839U 17042Q   23250.03281836  .00006224  00000+0  53343-3 0  9997
2 42839  97.3885  87.6903 0009351 299.8851  60.1442 14.97831836334985
LEMUR-2-FURIAUS         
1 42840U 17042R   23250.00671085  .00005416  00000+0  46523-3 0  9999
2 42840  97.3897  88.0556 0010632 300.6716  59.3458 14.97792933334974
LEMUR-2-PETERG          
1 42841U 17042S   23249.97848482  .00006854  00000+0  58747-3 0  9999
2 42841  97.3927  89.3551 0009312 298.2573  61.7709 14.97799245335042
LEMUR-2-DEMBITZ         
1 42842U 17042T   23249.99564660  .00005624  00000+0  47853-3 0  9995
2 42842  97.3900  89.3123 0009833 297.5721  62.4503 14.98154592335067
LEMUR-2-ZACHARY         
1 42845U 17042W   23250.03979076  .00009314  00000+0  74789-3 0  9994
2 42845  97.3787  88.6656 0007775 310.0905  49.9637 15.00232793335167
LEMUR-2-TALLHAMN-ATC    
1 43167U 18010E   23249.27462722  .00178515  00000+0  19525-2 0  9993
2 43167  82.9050   2.9608 0009669 196.7881 163.3060 15.62671557312585
LEMUR-2-JIN-LUEN        
1 43182U 18014C   23249.51981284  .00006770  00000+0  47981-3 0  9991
2 43182  97.6074 150.6340 0011953 240.2272 119.7766 15.05055905305831
LEMUR-2-URAMCHANSOL     
1 43183U 18014D   23249.17422040  .00007876  00000+0  53624-3 0  9993
2 43183  97.6046 150.8810 0012718 230.4929 129.5175 15.06497057305815
LEMUR-2-KADI            
1 43184U 18014E   23249.54640950  .00009236  00000+0  64447-3 0  9994
2 43184  97.5932 150.3894 0011457 215.0026 145.0449 15.05542140305834
LEMUR-2-THENICKMOLO     
1 43185U 18014F   23249.97906052  .00009301  00000+0  64731-3 0  9999
2 43185  97.5986 151.2960 0007378 211.1807 148.8983 15.05667913305918
LEMUR-2-ZUPANSKI        
1 43695U 18088F   23250.08076224  .00284383  00000+0  16113-2 0  9994
2 43695  85.0089   8.0741 0009423 253.5361 106.4876 15.78247997268739
LEMUR-2-CHRISTINAHOLT   
1 43882U 18111G   23249.98068636  .00012926  00000+0  86684-3 0  9997
2 43882  97.6437 157.3622 0008111 212.0444 148.0291 15.06959897254811
LEMUR-2-TINYKEV         
1 43883U 18111H   23250.03162037  .00017007  00000+0  10846-2 0  9997
2 43883  97.6233 157.3027 0008310 203.2530 156.8324 15.08749825254863
LEMUR-2-REMY-COLTON     
1 43884U 18111J   23249.98544284  .00011681  00000+0  76618-3 0  9990
2 43884  97.6358 158.0983 0002049 126.9392 233.2024 15.07830004254878
LEMUR-2-GUSTAVO         
1 43885U 18111K   23249.01177414  .00010053  00000+0  66817-3 0  9994
2 43885  97.6363 156.5129 0013848 219.1818 140.8408 15.07304228256681
LEMUR-2-ZO              
1 43886U 18111L   23249.20080287  .00010264  00000+0  68360-3 0  9996
2 43886  97.6256 156.6180 0011470 237.7215 122.2902 15.07245933256722
LEMUR-2-NATALIEMURRAY   
1 43887U 18111M   23249.56258819  .00010427  00000+0  68860-3 0  9990
2 43887  97.6373 157.8507 0010749 178.7761 181.3495 15.07562331256803
LEMUR-2-SARAHBETTYBOO   
1 43888U 18111N   23249.58979284  .00009739  00000+0  63609-3 0  9999
2 43888  97.6697 159.5462 0010156 274.7013  85.3055 15.07998326256825
LEMUR-2-DAISY-HARPER    
1 43889U 18111P   23249.18897230  .00013067  00000+0  84743-3 0  9997
2 43889  97.6608 159.0255 0007985 275.8286  84.2031 15.08198498256761
LEMUR-2-LILLYJO         
1 44396U 19038L   23249.39455986  .00033558  00000+0  77575-3 0  9993
2 44396  97.6447 234.9256 0013652  16.1470 344.0209 15.42335514231171
LEMUR-2-WANLI           
1 44402U 19038S   23249.90687199  .00038552  00000+0  82326-3 0  9990
2 44402  97.6437 235.5864 0013144  14.5506 345.6117 15.44673920231261
LEMUR-2-MORAG           
1 44403U 19038T   23249.66488547  .00028399  00000+0  73845-3 0  9994
2 44403  97.6528 235.0972 0014754  17.4183 342.7565 15.38781961231150
LEMUR-2-DUSTINTHEWIND   
1 44405U 19038V   23249.72442943  .00023534  00000+0  60096-3 0  9993
2 44405  97.6544 234.3767 0014965   8.0613 352.0869 15.39373644231160
LEMUR-2-ALEX-MADDY      
1 44407U 19038X   23249.89179795  .00027883  00000+0  86549-3 0  9997
2 44407  97.6657 232.5439 0016619  24.7343 335.4691 15.33215752230960
LEMUR-2-EJATTA          
1 44409U 19038Z   23249.69863358  .00026158  00000+0  62876-3 0  9993
2 44409  97.6492 235.5551 0013747   6.9654 353.1780 15.41210334231252
LEMUR-2-GREGROBINSON    
1 44411U 19038AB  23249.72103769  .00015277  00000+0  35764-3 0  9999
2 44411  97.6503 236.3979 0017207  23.5712 336.6319 15.42065587230911
LEMUR-2-YNDRD           
1 44413U 19038AD  23249.68452241  .00018630  00000+0  55669-3 0  9990
2 44413  97.6621 232.5074 0015556  20.7150 339.4719 15.34526362230973
LEMUR-2-JPGSQUARED      
1 44855U 19089D   23249.24268730  .00021660  00000+0  10915-2 0  9997
2 44855  36.9632 307.0537 0005975 273.6358  86.3705 15.16417026205348
LEMUR-2-HIMOMANDDAD     
1 44860U 19089J   23249.23981851  .00022708  00000+0  11341-2 0  9996
2 44860  36.9641 308.8768 0005265 269.2916  90.7228 15.16722828205205
LEMUR-2-PAPPY           
1 44861U 19089K   23249.19297040  .00016127  00000+0  86515-3 0  9996
2 44861  36.9625 312.1766 0005761 265.5541  94.4548 15.14292542205229
LEMUR-2-THEODOSIA       
1 44863U 19089M   23249.23801541  .00020092  00000+0  99470-3 0  9990
2 44863  36.9618 306.9325 0006283 270.1753  89.8275 15.17054360205190
LEMUR-2-ETHANOAKES      
1 46298U 20061AC  23249.51269187  .00032874  00000+0  65382-3 0  9997
2 46298  97.3975 324.5642 0002276  74.8388 285.3113 15.46880635166633
LEMUR-2-OSCARLATOR      
1 46299U 20061AD  23249.92865599  .00045124  00000+0  65059-3 0  9995
2 46299  97.4014 326.8758 0005241  88.7370 271.4485 15.55863737166847
LEMUR-2-SCHMIDTFALL     
1 46315U 20061AV  23250.02469180  .00091064  00000+0  11424-2 0  9993
2 46315  97.3987 328.0355 0000886  50.7139 309.4196 15.59431612166964
LEMUR-2-DJUPROERA       
1 46316U 20061AW  23250.02635584  .00177250  00000+0  11516-2 0  9991
2 46316  97.3952 330.2473 0004854 117.8733 242.3024 15.75440358167115
LEMUR-2-SQUAREJAWS      
1 46317U 20061AX  23249.21973872  .00086133  00000+0  90762-3 0  9996
2 46317  97.3991 328.1486 0003947  97.7125 262.4582 15.63977796166919
LEMUR-2-URSA-AVION      
1 46318U 20061AY  23249.21998499  .00072640  00000+0  82592-3 0  9999
2 46318  97.3980 327.8209 0003764  84.4711 275.6976 15.62070179166896
LEMUR-2-SLICERS         
1 46500U 20068Q   23249.32992047  .00024531  00000+0  11234-2 0  9994
2 46500  97.7582 200.5260 0008110 188.6265 171.4831 15.20458185161457
LEMUR-2-DAYWZAGOODDAY   
1 46501U 20068R   23249.31834842  .00019218  00000+0  89635-3 0  9999
2 46501  97.7612 200.8163 0007796 189.8296 170.2787 15.19883216161455
LEMUR-2-SUSURRUS        
1 46502U 20068S   23249.33058408  .00018932  00000+0  86931-3 0  9996
2 46502  97.7592 200.5402 0007696 188.7453 171.3648 15.20426130161456
LEMUR-2-NICHOL          
1 46503U 20068T   23249.63818302  .00016374  00000+0  79000-3 0  9994
2 46503  97.7612 200.4884 0007576 198.1335 161.9629 15.18745243161476
LEMUR-2-OZARAK          
1 46908U 20081D   23249.96737274  .00019783  00000+0  10803-2 0  9994
2 46908  36.8992  72.9122 0004422 140.3595 219.7473 15.13608101155536
LEMUR-2-JINDRA          
1 46909U 20081E   23249.79814669  .00024725  00000+0  12529-2 0  9999
2 46909  36.8992  67.8576 0004235 151.5149 208.5829 15.16193696155581
LEMUR-2-WALLACE         
1 46910U 20081F   23249.82651049  .00022290  00000+0  11655-2 0  9990
2 46910  36.8995  69.9287 0004450 146.3259 213.7769 15.15115959155554
LEMUR-2-JEREMIAH        
1 46911U 20081G   23249.87678814  .00019171  00000+0  10521-2 0  9990
2 46911  36.9035  71.3573 0006296 150.6070 209.5030 15.13431092155556
LEMUR-2-NEVA            
1 47450U 21006AP  23249.94180216  .00062419  00000+0  14655-2 0  9994
2 47450  97.3825 311.0651 0008516 143.6843 216.4984 15.41780569145383
LEMUR-2-SAOIRSEDH5GUO   
1 47453U 21006AS  23250.11419996  .00077978  00000+0  16036-2 0  9999
2 47453  97.3873 312.2262 0007256 148.5184 211.6501 15.45664699145451
LEMUR-2-NALLYWACKER     
1 47457U 21006AW  23249.13475058  .00078112  00000+0  15752-2 0  9999
2 47457  97.3843 311.2237 0007602 148.3827 211.7880 15.46235130145322
LEMUR-2-MANGO1          
1 47493U 21006CJ  23249.08952437  .00035356  00000+0  10728-2 0  9995
2 47493  97.3801 307.2978 0008479 153.6628 206.5047 15.33986556145108
LEMUR-2-RUAIRI-EILIDH   
1 47511U 21006DC  23249.15839553  .00045245  00000+0  12375-2 0  9995
2 47511  97.3786 307.7095 0005947 146.5317 213.6304 15.37208991145142
LEMUR-2-JENNIFERSONG    
1 47525U 21006DR  23249.41499138  .00072782  00000+0  15519-2 0  9999
2 47525  97.3794 310.9064 0006752 139.7130 220.4620 15.44624115145369
LEMUR-2-CHANTAL         
1 47529U 21006DV  23249.77952343  .00027089  00000+0  82664-3 0  9990
2 47529  97.3785 307.4271 0006587 145.3992 214.7680 15.33876570146139
LEMUR-2-NOOBNOOB        
1 47538U 21006DY  23249.12303362  .00033017  00000+0  90806-3 0  9995
2 47538  97.3835 309.5137 0008369 142.7148 217.4679 15.37089940145209
LEMUR-2-AMANDA-SVANTE   
1 48269U 21034B   23250.11891579  .00007708  00000+0  74742-3 0  9990
2 48269  97.6998 316.0309 0003864  59.9907 300.1696 14.92943629128039
LEMUR-2-SPECIAL-K       
1 48273U 21034F   23249.87864097  .00004287  00000+0  41584-3 0  9998
2 48273  97.7001 315.8760 0004509  56.7148 303.4503 14.93175080128017
LEMUR-2-JACKSON         
1 48885U 21059G   23249.83592012  .00051041  00000+0  11376-2 0  9990
2 48885  97.5953  30.8096 0004227 322.3625  37.7326 15.43421801122043
LEMUR-2-ANNABANANA      
1 48923U 21059AW  23249.69455080  .00023611  00000+0  48789-3 0  9991
2 48923  97.5891  32.2357 0004615 322.0895  38.0028 15.45823849122166
LEMUR-2-JOHN-TREIRES    
1 48925U 21059AY  23249.67600484  .00081256  00000+0  12011-2 0  9998
2 48925  97.6058  34.8690 0006815 301.3157  58.7428 15.55021932122276
LEMUR-2-AC-CUBED        
1 48927U 21059BA  23249.39068881  .00040150  00000+0  88205-3 0  9995
2 48927  97.6041  32.0332 0008456 325.1968  34.8726 15.43878991122087
LEMUR-2-MERIMA          
1 48929U 21059BC  23249.84000338  .00057741  00000+0  11040-2 0  9996
2 48929  97.5902  33.1391 0008857 317.2028  42.8531 15.47858655122234
LEMUR-2-RAMONAMAE       
1 51021U 22002AP  23249.15354851  .00023082  00000+0  59921-3 0  9990
2 51021  97.4341 319.2724 0003319 329.0673  31.0377 15.38977502 91315
LEMUR-2-KING-JULIEN     
1 51022U 22002AQ  23249.97938678  .00063584  00000+0  15676-2 0  9995
2 51022  97.4323 319.6863 0003248 290.7069  69.3829 15.40326024 91426
LEMUR-2-ROHOVITHSA      
1 51036U 22002BE  23249.41721809  .00024047  00000+0  88170-3 0  9996
2 51036  97.4326 316.2035 0005241 329.4970  30.5964 15.27967548 91139
LEMUR-2-MIRIWARI        
1 51054U 22002BY  23249.40650989  .00025326  00000+0  90666-3 0  9999
2 51054  97.4316 316.2968 0004606 319.0599  41.0294 15.28745912 91143
LEMUR-2-DJIRANG         
1 51058U 22002CC  23249.99652602  .00026568  00000+0  94944-3 0  9993
2 51058  97.4293 316.7129 0004590 314.9297  45.1570 15.28794205 91237
LEMUR-2-TENNYSONLILY    
1 52732U 22057A   23249.28484608  .00047652  00000+0  13743-2 0  9998
2 52732  97.5568   8.8334 0005259  82.4608 277.7233 15.35543825 71174
LEMUR-2-VANDENDRIES     
1 52733U 22057B   23249.77702134  .00043024  00000+0  15735-2 0  9992
2 52733  97.5390   6.9068 0005335  82.1923 277.9921 15.27924062 71143
LEMUR-2-KAREN B         
1 52736U 22057E   23249.57845468  .00050236  00000+0  13481-2 0  9990
2 52736  97.5422   8.8394 0003689  67.6729 292.4906 15.37784890 71258
LEMUR-2-HANCOM-1        
1 52740U 22057J   23249.29335163  .00026735  00000+0  97423-3 0  9996
2 52740  97.5593   7.7616 0008316  71.3286 288.8855 15.28131549 71089
LEMUR-2-MIMI1307        
1 52769U 22057AP  23249.57817022  .00012526  00000+0  46213-3 0  9991
2 52769  97.5583   8.2250 0008585  47.1466 313.0492 15.27890744 71141
LEMUR-2-PHILARI         
1 55013U 23001E   23249.11571421  .00028398  00000+0  12015-2 0  9992
2 55013  97.4674 308.2255 0009599  95.8091 264.4240 15.23117030 37388
LEMUR-2-DISCLAIMER      
1 55014U 23001F   23249.14108696  .00024736  00000+0  10670-2 0  9993
2 55014  97.4719 308.3227 0010700 100.9084 259.3356 15.22479570 37385
LEMUR-2-STEVEALBERS     
1 55017U 23001J   23249.11813408  .00024099  00000+0  10523-2 0  9996
2 55017  97.4660 308.0232 0010180  96.0366 264.2030 15.22073430 37374
LEMUR-2-EMMACULATE      
1 55037U 23001AE  23249.12101467  .00032109  00000+0  12516-2 0  9999
2 55037  97.4727 309.1636 0013839  85.0113 275.2704 15.25801004 37438
LEMUR-2-MMOLO           
1 55038U 23001AF  23249.12505109  .00009182  00000+0  36255-3 0  9993
2 55038  97.4748 309.3607 0015237  84.2978 275.9997 15.25642340 37444
LEMUR-2-FUENTETAJA-01   
1 55088U 23001CH  23249.98783152  .00020614  00000+0  86327-3 0  9996
2 55088  97.4756 309.7790 0014538  80.2639 280.0239 15.23476038 37542
LEMUR-2-ONREFLECTION    
1 56182U 23054E   23249.89197004  .00015170  00000+0  59784-3 0  9993
2 56182  97.3853 143.6456 0010521 103.3928 256.8483 15.25629761 22625
LEMUR-2-SPACEGUS        
1 56187U 23054K   23249.97916462  .00016249  00000+0  62935-3 0  9994
2 56187  97.3859 143.8437 0010840  91.9902 268.2578 15.26191170 22648
LEMUR-2-ROMEO-N-LEO     
1 56206U 23054AE  23249.17822777  .00035334  00000+0  11598-2 0  9997
2 56206  97.3833 143.6592 0013905  84.3555 275.9271 15.31414036 22568
LEMUR-2-EMBRIONOVIS     
1 56970U 23084AQ  23249.78850583  .00005102  00000+0  28009-3 0  9997
2 56970  97.5245   5.3456 0014428 278.9459  81.0140 15.14498395 13004
LEMUR-2-NAZIYAH         
1 56974U 23084AU  23249.28272408  .00009355  00000+0  48955-3 0  9996
2 56974  97.5142   4.8399 0013877 270.4576  89.5066 15.15973817 12937
LEMUR-2-AADAM-ALIYAH    
1 56977U 23084AX  23250.07344635  .00019321  00000+0  10049-2 0  9996
2 56977  97.5164   5.6483 0014278 269.5235  90.4361 15.16007076 13053
LEMUR-2-MANO            
1 57390U 23100E   23249.30969729  .00008508  00000+0  71177-3 0  9991
2 57390  99.4644  25.3009 0014920 126.0836 234.1765 14.98728386  7521
LEMUR-2-DEVERILL-M-T    
1 57391U 23100F   23250.09518473  .00008761  00000+0  72449-3 0  9990
2 57391  99.4679  26.3279 0014023 118.5626 241.7005 14.99172517  7641
