APRIZESAT 2             
1 28366U 04025A   23249.84489921  .00000232  00000+0  86044-4 0  9993
2 28366  98.1077  99.7368 0108421  71.5237 289.7698 14.37061183  5909
SAUDICOMSAT 1           
1 28369U 04025D   23249.65309314  .00000588  00000+0  15202-3 0  9993
2 28369  98.5003 220.8945 0031920 248.5902 111.1887 14.53396344 16646
SAUDICOMSAT 2           
1 28370U 04025E   23249.74980703  .00000549  00000+0  15673-3 0  9991
2 28370  98.5923 221.1302 0058435  90.3708 270.4181 14.48206544 13174
APRIZESAT 1             
1 28372U 04025G   23249.86451919  .00000559  00000+0  15403-3 0  9990
2 28372  98.5536 220.9533 0045730 359.8040   0.3128 14.50244832 14802
NANOSAT-1               
1 28493U 04049B   23250.09472159  .00001451  00000+0  22239-3 0  9993
2 28493  98.1286 356.8389 0003324 317.8941  42.2012 14.75210644  5694
SAUDICOMSAT 7           
1 31119U 07012C   23250.12989553  .00000873  00000+0  17591-3 0  9992
2 31119  98.2349 198.4385 0059857 132.0972 228.5341 14.62922759874043
SAUDICOMSAT 6           
1 31121U 07012E   23249.28940064  .00000729  00000+0  15776-3 0  9997
2 31121  98.2702 192.6768 0073971 245.6416 113.7049 14.59647498871965
SAUDICOMSAT 5           
1 31124U 07012H   23249.66227881  .00001083  00000+0  20875-3 0  9997
2 31124  98.2051 199.1655 0051920  76.3367 284.3610 14.64711966874887
SAUDICOMSAT 3           
1 31125U 07012J   23249.69492400  .00001357  00000+0  24969-3 0  9994
2 31125  98.1717 200.1976 0042739  18.9426 341.3356 14.66682102875895
SAUDICOMSAT 4           
1 31127U 07012L   23249.29134476  .00000720  00000+0  15093-3 0  9999
2 31127  98.2559 196.0924 0066507 186.8555 173.1743 14.61415503872976
APRIZESAT 4             
1 35684U 09041D   23250.04847011  .00001016  00000+0  13787-3 0  9993
2 35684  98.2791 283.4731 0045929 359.5660   0.5504 14.80546825761174
APRIZESAT 3             
1 35686U 09041F   23250.09692025  .00002879  00000+0  29479-3 0  9996
2 35686  98.1017 351.8166 0070382 164.0784 196.2668 14.89520763765108
AISSAT 1                
1 36797U 10035C   23250.03379212  .00002258  00000+0  24536-3 0  9999
2 36797  98.2205  95.8754 0011165 149.2131 210.9742 14.89131516712984
S-NET D                 
1 43186U 18014G   23249.52618867  .00003615  00000+0  28699-3 0  9990
2 43186  97.6147 151.7609 0012124 261.7836  98.2013 15.01065325305751
S-NET B                 
1 43187U 18014H   23249.52760108  .00003625  00000+0  28771-3 0  9999
2 43187  97.6149 151.6879 0012535 260.2546  99.7263 15.01061674305756
S-NET A                 
1 43188U 18014J   23249.19427584  .00003661  00000+0  29051-3 0  9993
2 43188  97.6154 151.4546 0012525 261.5771  98.4033 15.01062369305703
S-NET C                 
1 43189U 18014K   23249.19694771  .00003677  00000+0  29175-3 0  9992
2 43189  97.6161 151.3438 0013231 257.4450 102.5295 15.01057609304251
SALSAT                  
1 46495U 20068K   23249.66382452  .00004899  00000+0  31738-3 0  9994
2 46495  97.7755 198.5974 0014571 195.8803 164.1970 15.08530047161352
