COSMOS 1408 DEB         
1 49527U 82092Q   23251.09644888  .00018712  00000+0  20395-2 0  9997
2 49527  82.3868 269.6345 0435883 243.0969 112.5060 14.37244296 94036
COSMOS 1408 DEB         
1 49529U 82092S   23250.81058966  .00057449  00000+0  28433-2 0  9995
2 49529  82.3469 206.1374 0165160  57.1959 304.5052 15.06327481 98206
COSMOS 1408 DEB         
1 49537U 82092AA  23250.99483123  .00014748  00000+0  77060-3 0  9996
2 49537  82.5650 209.6116 0137721 318.5948  40.4904 15.07818904 99080
COSMOS 1408 DEB         
1 49539U 82092AC  23250.76353074  .00028277  00000+0  31060-2 0  9995
2 49539  82.1963 259.5312 0432834 274.9659  80.2265 14.37519854 93488
COSMOS 1408 DEB         
1 49590U 82092CF  23251.19629783  .00071009  00000+0  14673-2 0  9995
2 49590  82.5520 191.2421 0051647 254.0339 105.5216 15.44086848100245
COSMOS 1408 DEB         
1 49591U 82092CG  23251.13223754  .00899093  00000+0  60013-2 0  9998
2 49591  82.5620 206.4082 0031819  10.8168 349.3772 15.72279387 98532
COSMOS 1408 DEB         
1 49595U 82092CL  23250.34287862  .00212832  00000+0  73651-2 0  9996
2 49595  82.4080 219.6498 0135956  69.0360 292.5360 15.20701745 97340
COSMOS 1408 DEB         
1 49604U 82092CV  23251.12707893  .00033344  00000+0  98722-3 0  9991
2 49604  82.5159 185.3590 0046770 270.1931  89.3952 15.33612426100272
COSMOS 1408 DEB         
1 49607U 82092CY  23251.10264540  .00632320  00000+0  81691-2 0  9994
2 49607  82.8626 251.5715 0054054  35.0478 325.4314 15.55280580 98021
COSMOS 1408 DEB         
1 49619U 82092DL  23250.92320396  .00043340  00000+0  44445-2 0  9992
2 49619  81.9623 235.4086 0412085 276.2733  79.1684 14.43473234 93707
COSMOS 1408 DEB         
1 49622U 82092DP  23250.23575701  .00118428  00000+0  99103-3 0  9994
2 49622  82.5672 172.8028 0025173 125.6589 234.7022 15.69184475101223
COSMOS 1408 DEB         
1 49658U 82092FB  23250.89361123  .00189564  00000+0  25828-2 0  9997
2 49658  82.5748 191.5594 0043366 232.3863 127.3452 15.55778199 99415
COSMOS 1408 DEB         
1 49663U 82092FG  23250.25790686  .00501387  93188-4  17232-2 0  9998
2 49663  82.5507 173.1490 0012612 154.2267 205.9636 15.89450015101080
COSMOS 1408 DEB         
1 49674U 82092FT  23250.76117214  .00179699  00000+0  13859-2 0  9990
2 49674  82.5868 175.5403 0008875 247.9530 112.0791 15.71360616101146
COSMOS 1408 DEB         
1 49708U 82092HD  23250.83808412  .00039279  00000+0  51609-3 0  9998
2 49708  82.6033 171.5507 0019118 316.7521  43.2232 15.58101913100701
COSMOS 1408 DEB         
1 49709U 82092HE  23251.12727862  .00061479  00000+0  16043-2 0  9990
2 49709  82.6191 198.7083 0057610 254.3333 105.1551 15.36844441 99080
COSMOS 1408 DEB         
1 49784U 82092JA  23250.23137999  .00113641  00000+0  12261-2 0  9997
2 49784  82.5581 176.3093 0012672 197.1396 162.9437 15.63174593100867
COSMOS 1408 DEB         
1 49789U 82092JF  23251.11031624  .00020975  00000+0  69482-3 0  9993
2 49789  82.6075 199.0892 0071448 264.1846  95.1246 15.28663530 99734
COSMOS 1408 DEB         
1 49828U 82092KK  23250.77307317  .00113575  00000+0  12619-2 0  9991
2 49828  82.5654 176.5121 0018745 162.2701 197.9215 15.62299134 99262
COSMOS 1408 DEB         
1 49840U 82092KX  23250.57682260  .00037430  00000+0  14154-2 0  9997
2 49840  82.4876 196.1164 0096700 347.9638  11.9286 15.22436332 97488
COSMOS 1408 DEB         
1 49844U 82092LB  23250.77085436  .00047962  00000+0  82390-3 0  9994
2 49844  82.5682 176.6880 0010027 194.8422 165.2537 15.50888049 99148
COSMOS 1408 DEB         
1 49892U 82092NB  23250.78798757  .00076648  00000+0  99239-3 0  9998
2 49892  82.5651 174.0429 0010384 271.2888  88.7178 15.58551396101155
COSMOS 1408 DEB         
1 49981U 82092PY  23251.07501887  .00102029  00000+0  13044-2 0  9998
2 49981  82.5482 175.7294 0015321 183.3609 176.7547 15.58733472 99144
COSMOS 1408 DEB         
1 49996U 82092QP  23250.88201033  .00075012  00000+0  21880-2 0  9990
2 49996  82.6471 206.1639 0076306 329.6472  30.0361 15.32142785 98850
COSMOS 1408 DEB         
1 50010U 82092QW  23251.11272335  .00066636  00000+0  10591-2 0  9998
2 50010  82.5534 178.2894 0018800 204.9779 155.0566 15.52859293 99251
COSMOS 1408 DEB         
1 50014U 82092RA  23250.30606802  .00044118  00000+0  11136-2 0  9999
2 50014  82.5655 192.5266 0060216 244.7584 114.7412 15.37744862 98333
COSMOS 1408 DEB         
1 50020U 82092RG  23250.87423173  .00034180  00000+0  63972-3 0  9990
2 50020  82.6271 180.9174 0004679 214.2080 145.8869 15.48529356 99308
COSMOS 1408 DEB         
1 50027U 82092RP  23251.07587512  .00197399  00000+0  24565-2 0  9994
2 50027  82.3701 174.2651 0033150 253.7571 106.0037 15.58630665 98318
COSMOS 1408 DEB         
1 50032U 82092RU  23250.54024665  .00004125  00000+0  11932-3 0  9995
2 50032  82.5700 179.0937 0018274 318.0346  41.9496 15.35136523 98719
COSMOS 1408 DEB         
1 50035U 82092RX  23250.29303217  .00069830  00000+0  14431-2 0  9993
2 50035  82.6023 197.5559 0063444 243.0606 116.4152 15.43354048100300
COSMOS 1408 DEB         
1 50045U 82092SH  23251.10022059  .02253681  42757-2  36288-2 0  9990
2 50045  82.4879 181.7855 0021336 193.3835 166.6882 16.04156046100715
COSMOS 1408 DEB         
1 50049U 82092SM  23250.39118094  .00214482  00000+0  50605-2 0  9994
2 50049  82.4466 216.3356 0116461  68.5708 292.7909 15.34328373 98104
COSMOS 1408 DEB         
1 50051U 82092SP  23250.56609133  .00037462  00000+0  10424-2 0  9991
2 50051  82.5230 192.2708 0070491 266.3231  92.9949 15.34124742100068
COSMOS 1408 DEB         
1 50058U 82092SW  23250.78581558  .00007624  00000+0  24708-3 0  9990
2 50058  82.6215 189.5132 0032325 217.6082 142.2899 15.31300114100403
COSMOS 1408 DEB         
1 50069U 82092TH  23250.56887772  .00036602  00000+0  10319-2 0  9995
2 50069  82.5058 188.2233 0066172 252.8584 106.5406 15.34019518 99842
COSMOS 1408 DEB         
1 50078U 82092TS  23250.78369199  .00917605  36300-3  26050-2 0  9993
2 50078  82.5233 180.2621 0018364 181.7569 178.3644 15.93097823 99989
COSMOS 1408 DEB         
1 50123U 82092VP  23250.29572474  .00023154  00000+0  50491-3 0  9990
2 50123  82.5668 177.3793 0008698 188.4615 171.6488 15.44062066101077
COSMOS 1408 DEB         
1 50284U 82092YZ  23250.58799679  .00028712  00000+0  58486-3 0  9995
2 50284  82.6732 187.6018 0014796 257.0001 102.9597 15.45977999 97534
COSMOS 1408 DEB         
1 50329U 82092AAP 23250.86193696  .00046569  00000+0  59268-3 0  9992
2 50329  82.5355 165.7457 0028991  89.6826 270.7752 15.58631530 97117
COSMOS 1408 DEB         
1 50349U 82092ABK 23251.08733740  .00055617  00000+0  87448-3 0  9994
2 50349  82.6843 187.1554 0020583 223.6419 136.3208 15.53150180 97288
COSMOS 1408 DEB         
1 50351U 82092ABM 23250.32671453  .00030092  00000+0  15684-2 0  9997
2 50351  82.5437 215.8259 0162974 347.3244  12.3903 15.04974533 98504
COSMOS 1408 DEB         
1 50363U 82092ABZ 23250.27120681  .00029673  00000+0  12193-2 0  9991
2 50363  82.4205 190.0187 0088476 337.7179  22.0219 15.20437212 96464
COSMOS 1408 DEB         
1 50404U 82092ADS 23251.10700490  .00022060  00000+0  27435-2 0  9990
2 50404  82.2494 270.9753 0493537 291.4454  63.4778 14.22367531 91398
COSMOS 1408 DEB         
1 50457U 82092AFX 23248.37586746  .01427973  00000+0  61556-2 0  9994
2 50457  82.6266 228.4714 0030067  68.9857 291.4623 15.81495418 96660
COSMOS 1408 DEB         
1 50523U 82092AGW 23250.84901413  .00101326  00000+0  31120-2 0  9999
2 50523  82.5233 206.5373 0102829 316.4733  42.8422 15.28219037 94581
COSMOS 1408 DEB         
1 50535U 82092AHJ 23251.12169315  .00087572  00000+0  18133-2 0  9996
2 50535  82.5154 186.6108 0051018 241.9075 117.7011 15.44009937 95721
COSMOS 1408 DEB         
1 50560U 82092AJK 23250.54302781  .00070556  00000+0  14779-2 0  9991
2 50560  82.5222 188.7530 0059100 239.7692 119.7697 15.43247364 95210
COSMOS 1408 DEB         
1 50578U 82092AJW 23250.27699029  .00021504  00000+0  55992-3 0  9996
2 50578  82.7206 197.5219 0025702 254.8154 105.0249 15.38403365 96397
COSMOS 1408 DEB         
1 50619U 82092ALP 23250.78633134  .00046692  00000+0  85660-3 0  9993
2 50619  82.5641 179.1776 0016803 210.9338 149.0925 15.48919113 96042
COSMOS 1408 DEB         
1 50621U 82092ALR 23250.28136207  .00007317  00000+0  27255-3 0  9997
2 50621  82.5837 191.9338 0052862 246.5871 112.9804 15.25936733 95260
COSMOS 1408 DEB         
1 50669U 82092ANR 23250.28271250  .00068967  00000+0  78146-3 0  9990
2 50669  82.7033 185.8917 0031299 282.0993  77.6758 15.61517666 95960
COSMOS 1408 DEB         
1 50689U 82092APM 23250.29967902  .00012494  00000+0  32200-3 0  9994
2 50689  82.5173 176.8296 0050643 173.7938 186.3946 15.37696445 94742
COSMOS 1408 DEB         
1 50730U 82092ARE 23251.08338645  .00023061  00000+0  56006-3 0  9997
2 50730  82.5682 180.0877 0016428 223.3721 136.6233 15.40732244 95550
COSMOS 1408 DEB         
1 50752U 82092ASC 23250.76949985  .00220844  00000+0  10676-2 0  9990
2 50752  82.5592 166.7580 0002729 252.6116 107.4854 15.81947310 98306
COSMOS 1408 DEB         
1 50926U 82092AVV 23250.24795896  .00156282  00000+0  20014-2 0  9997
2 50926  82.5596 190.2990 0034799 231.2731 128.5412 15.57928840 94285
COSMOS 1408 DEB         
1 50937U 82092AWG 23250.79420704  .00038828  00000+0  79810-3 0  9996
2 50937  82.5771 182.9028 0029517 200.3700 159.6374 15.45323876 93610
COSMOS 1408 DEB         
1 50967U 82092AXN 23250.31327775  .00027990  00000+0  66246-3 0  9998
2 50967  82.7261 196.6272 0013534 211.8979 148.1450 15.41548483 94459
COSMOS 1408 DEB         
1 51184U 82092AZJ 23250.22335294  .00011684  00000+0  30322-3 0  9994
2 51184  82.4987 173.5598 0023924 174.7219 185.4283 15.38536973 92707
COSMOS 1408 DEB         
1 51225U 82092BBB 23250.22916207  .00023406  00000+0  62092-3 0  9993
2 51225  82.4681 177.3173 0062174 321.2341  38.4449 15.36163574 93275
COSMOS 1408 DEB         
1 51229U 82092BBF 23250.28961589  .00077088  00000+0  17469-2 0  9998
2 51229  82.5690 195.4547 0062427 257.6458 101.7796 15.40714707 93799
COSMOS 1408 DEB         
1 51231U 82092BBH 23250.75505160  .00130771  00000+0  12585-2 0  9995
2 51231  82.5617 174.1391 0009293 255.8644 104.1583 15.66069809 92841
COSMOS 1408 DEB         
1 51305U 82092BDX 23250.20716088  .00040496  00000+0  54305-3 0  9991
2 51305  82.5017 164.5786 0029809 102.4630 257.9963 15.57228395 93280
COSMOS 1408 DEB         
1 51322U 82092BEQ 23250.82968095  .00035688  00000+0  71419-3 0  9997
2 51322  82.7406 196.7485 0058458 297.5448  61.9868 15.44699029 92740
COSMOS 1408 DEB         
1 51430U 82092BKC 23250.27195603  .00270792  00000+0  23051-2 0  9998
2 51430  82.5715 188.5840 0021692 225.9288 134.0188 15.68464422 91123
COSMOS 1408 DEB         
1 51435U 82092BKH 23250.28106000  .00015024  00000+0  57024-3 0  9990
2 51435  82.5624 194.7989 0067699 271.7261  87.6223 15.24535279 90614
COSMOS 1408 DEB         
1 51515U 82092BKQ 23250.27537911  .00043450  00000+0  12066-2 0  9997
2 51515  82.5654 196.0647 0071522 258.4729 100.8477 15.34096790 88553
COSMOS 1408 DEB         
1 51547U 82092BLY 23251.06680813  .00127975  00000+0  24700-2 0  9993
2 51547  82.4702 185.3215 0049669 311.9981  47.7042 15.45983425 90681
COSMOS 1408 DEB         
1 51562U 82092BMP 23250.57488122  .00079146  00000+0  18949-2 0  9998
2 51562  82.5954 201.0887 0067359 262.3540  97.0052 15.38749480 90542
COSMOS 1408 DEB         
1 51579U 82092BNG 23251.08005697  .00025637  00000+0  77823-3 0  9998
2 51579  82.4992 182.0355 0044238 284.9813  74.6534 15.32963100 90810
COSMOS 1408 DEB         
1 51582U 82092BNK 23250.14658599  .00019865  00000+0  69192-3 0  9999
2 51582  82.5680 195.5318 0072352 261.3009  98.0030 15.27005085 90602
COSMOS 1408 DEB         
1 51616U 82092BPV 23244.07609521  .00118463  00000+0  42585-2 0  9993
2 51616  81.9053 175.8752 0133115  88.0343 273.6129 15.20140453 89587
COSMOS 1408 DEB         
1 52049U 82092BUB 23250.74849730  .00715816  23553-3  13472-2 0  9993
2 52049  82.6059 172.7054 0010833 141.0210 219.1851 16.00774810 84623
COSMOS 1408 DEB         
1 52066U 82092BUU 23250.34552952  .00029192  00000+0  17064-2 0  9999
2 52066  82.5301 218.6764 0181271   6.4119 353.9360 14.98863069 83672
COSMOS 1408 DEB         
1 52514U 82092BXZ 23250.22500396  .00138159  00000+0  13582-2 0  9994
2 52514  82.5510 177.6730 0015154 192.7152 167.3728 15.65422681 78553
COSMOS 1408 DEB         
1 52517U 82092BYC 23246.64013226  .00039241  00000+0  15247-2 0  9991
2 52517  82.5704 208.7747 0090833 330.7319  28.8844 15.22049604 78802
COSMOS 1408 DEB         
1 52518U 82092BYD 23250.74461877  .00293920  00000+0  12967-2 0  9999
2 52518  82.4906 163.7579 0016857 126.3265 233.9563 15.83540387 78327
COSMOS 1408 DEB         
1 52808U 82092BZV 23227.22560710  .00058210  00000+0  15427-2 0  9999
2 52808  82.5151 215.4547 0066396 358.5773   1.5269 15.35828931 72235
COSMOS 1408 DEB         
1 52814U 82092CAB 23248.04863852  .00050197  00000+0  81688-3 0  9991
2 52814  82.4636 174.8063 0043502 193.3799 166.6304 15.51346591 73786
COSMOS 1408 DEB         
1 52825U 82092CAL 23250.67308308  .00081088  00000+0  20833-2 0  9992
2 52825  82.8211 219.7805 0063243 307.0304  52.5164 15.36905667 73419
COSMOS 1408 DEB         
1 57270U 82092CBQ 23250.12325919  .00043405  00000+0  11218-2 0  9996
2 57270  82.4246 180.4491 0053851 268.8023  90.7051 15.37407798 46370
