UNKNOWN                 
1 81036U          24012.37632038  .00003310  00000+0  63255-2 0  9998
2 81036  66.0531 144.4966 2672170 341.8515  10.2378  9.22403244337753
UNKNOWN                 
1 81052U          24005.46143156  .00008856  00000+0  25604-2 0  9992
2 81052  65.7792 356.6652 0622501 290.7195  62.8232 13.69056092502984
UNKNOWN                 
1 81069U          24005.55411920  .00003746  00000+0  56383-2 0  9998
2 81069 100.3104 225.1246 0071356 329.9119  29.7925 13.52517216420039
UNKNOWN                 
1 81111U          24010.01763374  .00042857  00000+0  68294-2 0  9996
2 81111  62.8957 295.5359 4112004 329.9203  11.7890  7.14118262220157
UNKNOWN                 
1 81123U 70025    24005.06207671  .00000983  00000+0  10088-2 0  9997
2 81123 100.0284  40.8031 0003329 114.7470 245.4026 13.79114873508649
UNKNOWN                 
1 81134U          24012.36675260  .00000331  00000+0  11933-2 0  9996
2 81134  90.2549 348.0271 0026368  62.9433 297.4371 12.92615366372113
UNKNOWN                 
1 81219U 81053    24009.89029933  .00000557  00000+0  51594-3 0  9999
2 81219  82.9274 173.5217 0021049  37.1951 323.0661 13.80555518510494
UNKNOWN                 
1 81228U          23354.89512070  .00007905  00000+0  31750-2 0  9998
2 81228  70.5227  80.0574 0091162 351.0830   8.8671 14.26189522522480
UNKNOWN                 
1 81247U 81053    24008.54033199  .00082655  00000+0  84563-2 0  9990
2 81247  83.2384  90.9424 0019132 210.6664 149.3440 14.89980046534591
UNKNOWN                 
1 81254U 70025    24007.83770078  .00003024  00000+0  22068-2 0  9995
2 81254 100.3791 330.7016 0071002 124.2616 236.5292 13.95787883514340
UNKNOWN                 
1 81264U          24009.51397469  .00011859  00000+0  17226-2 0  9993
2 81264  99.4082 112.9596 0077932 319.5052  40.0369 14.74086615506231
UNKNOWN                 
1 81279U          24012.24576653  .00002260  00000+0  92581-3 0  9991
2 81279  98.1648 121.4337 0216002 270.6420  87.0012 14.16251228363303
UNKNOWN                 
1 81301U          24004.87887939  .00000229  00000+0  30289-3 0  9999
2 81301  66.7568 185.5560 0091850 343.3379  84.2938 13.75965035508942
UNKNOWN                 
1 81311U 90105    24012.51948566  .00001011  00000+0  22138-3 0  9993
2 81311  98.8090  28.0003 0136767  98.3739  52.2246 14.54488560537722
UNKNOWN                 
1 81317U 80089    23362.27864334  .00000157  00000+0  37131-3 0  9998
2 81317  67.1376 311.2458 0211529 175.5517 335.2384 13.37471888492932
UNKNOWN                 
1 81323U          23362.89421358  .00008818  00000+0  15768-2 0  9996
2 81323  65.7596 183.2781 0450099 329.6503  27.9196 14.17842120 10681
UNKNOWN                 
1 81329U          23353.05267141  .00006020  00000+0  22276-2 0  9993
2 81329  65.8380 340.5216 0858099 356.8775  57.3666 13.16173862520486
UNKNOWN                 
1 81341U          24008.00533141  .00002884  00000+0  76536-2 0  9998
2 81341  99.5217  36.8274 0400829 304.8734  51.5296 12.91438457432241
UNKNOWN                 
1 81343U          24011.97105952  .00006102  00000+0  61529-3 0  9999
2 81343  85.8760 210.0917 0008000 251.6618 108.3739 14.90938680349456
UNKNOWN                 
1 81357U          24012.58055532  .00052507  00000+0  27117-2 0  9994
2 81357  97.3917 234.1254 0116617 216.1511 143.1796 15.10316800431477
UNKNOWN                 
1 81359U          24010.18853715  .00000949  00000+0  99374-3 0  9997
2 81359  66.7996 290.6560 0111671  82.6634 278.7113 13.76687125508698
UNKNOWN                 
1 81366U          24005.17727682  .00001647  00000+0  62352-3 0  9993
2 81366  65.8860 302.1074 0727152  61.1219 306.0808 13.41283975971162
UNKNOWN                 
1 81371U          24011.04642011  .00003933  00000+0  75772-3 0  9994
2 81371  98.8820  47.7935 0081707  15.8157 344.5566 14.62066719539015
UNKNOWN                 
1 81386U          24004.85211670  .00003750  00000+0  15910-2 0  9998
2 81386  71.0571  75.8421 0107663 114.8293 246.4077 14.22878473523069
UNKNOWN                 
1 81390U          24010.01407850  .00000380  00000+0  32464-2 0  9994
2 81390 103.1349 205.4133 0182413 292.1799  65.9991 12.35252276413305
UNKNOWN                 
1 81391U          23354.59891658  .00014833  00000+0  55941-2 0  9994
2 81391  81.1962 313.6369 0016981  56.1209 304.1586 14.31214073477898
UNKNOWN                 
1 81392U          24008.23453788  .00004197  00000+0  45531-2 0  9997
2 81392 100.4343 283.3467 0050405  16.5758 137.2626 13.73061393505169
UNKNOWN                 
1 81402U          24011.06442773  .00022899  00000+0  64645-2 0  9992
2 81402  98.6936  54.6526 0002663 330.3010  29.8029 14.45663883345676
UNKNOWN                 
1 81405U          24005.29054292  .00001699  00000+0  13828-2 0  9990
2 81405  99.5241  36.1197 0164694 307.9729  50.6645 13.85284609463717
UNKNOWN                 
1 81409U 87068    24007.12538083  .00013013  00000+0  32055-2 0  9998
2 81409  82.6547  67.0882 0039917  40.6479 319.7686 14.51637711528029
UNKNOWN                 
1 81418U          24011.39598389  .00001772  00000+0  34390-2 0  9991
2 81418 100.2893 168.1861 0061223 177.6315 182.5111 13.37397553305386
UNKNOWN                 
1 81439U          23360.27138251  .00000869  00000+0  25501-2 0  9995
2 81439  67.1621  88.3488 0606604 285.2794  68.1974 12.61839748171348
UNKNOWN                 
1 81449U 85042    24012.34219687  .00016211  00000+0  43432-2 0  9992
2 81449  66.8045 133.9725 0046029 323.5972  36.2008 14.47670681530707
UNKNOWN                 
1 81478U          24012.65525831  .00005063  00000+0  21348-2 0  9995
2 81478  98.9935 264.5548 0162433 214.0139 176.4959 14.19257025523317
UNKNOWN                 
1 81488U 75052    24011.05063042  .00000339  00000+0  54987-3 0  9996
2 81488 100.0927 224.2888 0044053 298.8844 217.9243 13.55904059501514
UNKNOWN                 
1 81497U          24010.46917226  .00005375  00000+0  57556-2 0  9992
2 81497 100.3341 196.6256 0030307   7.7004  15.5588 13.74012766119469
UNKNOWN                 
1 81499U          24012.60962709  .00003864  00000+0  12338-2 0  9998
2 81499  74.0526  81.5840 0004867 303.2443  56.8245 14.40022485381379
UNKNOWN                 
1 81535U          24012.33735295  .00001061  00000+0  47436-3 0  9992
2 81535  98.1688 147.9638 0245523  10.6443 349.9795 14.09699594288573
UNKNOWN                 
1 81536U 73086    24005.07488863  .00000494  00000+0  33378-2 0  9994
2 81536 102.0234 210.7252 0023667 216.1810 295.6731 12.54752298463011
UNKNOWN                 
1 81537U 93016    23357.82202302  .00000605  00000+0  38492-3 0  9991
2 81537  71.0376 157.5781 0077387 158.0673 202.3789 14.06173036519227
UNKNOWN                 
1 81552U          24007.01215967  .00000822  00000+0  18781-2 0  9993
2 81552  99.0239  27.3962 0264619 270.0941  86.9859 13.16580044486325
UNKNOWN                 
1 81564U          24003.21447854  .00014078  00000+0  45549-2 0  9996
2 81564  81.1766 340.2793 0021825 256.1025 103.7733 14.38833643464845
UNKNOWN                 
1 81569U          24003.18627413  .00000187  00000+0  66492-3 0  9995
2 81569  28.0749 317.0369 0317827 184.3158 175.4577 12.46324420464231
UNKNOWN                 
1 81579U          24012.40386759  .00047413  00000+0  18718-1 0  9995
2 81579 100.0983  82.1537 0173217 255.4609 102.7295 14.20927968513486
UNKNOWN                 
1 81599U          24012.36993214  .00000245  00000+0  54818-3 0  9997
2 81599  67.3014 354.3426 0258103 228.1364 283.7677 13.30036240491889
UNKNOWN                 
1 81605U          24001.16807299  .00002152  00000+0  94916-2 0  9999
2 81605  56.4358  65.0183 0157384 257.5691 100.7583 12.79232849 95071
UNKNOWN                 
1 81614U 76077    24011.98893055  .00005848  00000+0  41886-1 0  9994
2 81614 101.8351  29.4198 0361256 356.4821   3.3713 12.27292717451654
UNKNOWN                 
1 81615U 92021    24009.76835930  .00002322  00000+0  88735-3 0  9993
2 81615  65.8295 252.4537 0797643  99.9304 269.2638 13.27213325489316
UNKNOWN                 
1 81617U 73086    24008.99065635  .00000372  00000+0  24850-2 0  9996
2 81617 101.2597 208.8610 0039514 197.4444 162.5277 12.56743790464671
UNKNOWN                 
1 81624U          24002.25506703  .00004204  00000+0  90874-3 0  9997
2 81624  66.9870 308.5781 0079991 104.3610 256.6401 14.57274656535690
UNKNOWN                 
1 81640U          24012.31450480  .00000262  00000+0  28811-3 0  9995
2 81640  65.8237 123.0168 0990351   1.0062 359.2642 12.56114142422061
UNKNOWN                 
1 81652U 76077    24011.21291289  .00000654  00000+0  82879-3 0  9992
2 81652 102.1476 108.5303 0375269 126.1711 268.2056 13.42532784484448
UNKNOWN                 
1 81667U          24012.09738701  .00003234  00000+0  10111-2 0  9999
2 81667  74.0434 260.6284 0016011   8.7918 351.3514 14.41058935355467
UNKNOWN                 
1 81674U          24007.90023633  .00001222  00000+0  77671-3 0  9992
2 81674  66.8253 335.0260 0028282   4.4919  26.2660 14.06945344514457
UNKNOWN                 
1 81683U          24012.24329668  .00004939  00000+0  13110-2 0  9997
2 81683  81.2224 308.8320 0026685 269.3727  90.4407 14.48355868534136
UNKNOWN                 
1 81693U 73086    24005.81137547  .00001673  00000+0  12591-1 0  9993
2 81693 101.0904 140.4571 0368056 334.2053  24.1052 12.24265667881196
UNKNOWN                 
1 81696U          24012.66738181  .00050258  00000+0  25587-2 0  9997
2 81696  97.4079 265.6640 0130229  53.3053 308.0059 15.09455874408985
UNKNOWN                 
1 81732U          24011.16045171  .00123844  00000+0  43860-2 0  9998
2 81732  65.7162 283.2625 0113555 211.6348 147.7931 15.22513816540682
UNKNOWN                 
1 81745U          24003.76926135  .00002937  00000+0  10754-2 0  9992
2 81745  71.0032 131.3108 0007807 247.3317 184.6584 14.33667076527885
UNKNOWN                 
1 81749U          24007.80298326  .00000517  00000+0  19157-2 0  9997
2 81749  99.7212 130.6258 0367209 311.2400 206.8051 12.77251629471998
UNKNOWN                 
1 81775U          24012.13670980  .00006721  00000+0  27844-2 0  9993
2 81775  82.9236  78.1433 0022063 231.0783 128.8436 14.26335475524882
UNKNOWN                 
1 81779U          24010.75823173  .00005153  00000+0  28143+0 0  9995
2 81779  54.4675 161.6966 1614371 170.7426 192.7284  9.27164505415057
UNKNOWN                 
1 81812U          24005.72024766  .00002325  00000+0  16802-1 0  9994
2 81812 103.5641 193.9293 0309066 345.8468  13.4075 12.32056565453298
UNKNOWN                 
1 81816U 77121    24012.01763323  .00000792  00000+0  66125-3 0  9996
2 81816  66.2375 238.4901 0186795 295.3459  62.8371 13.85977459512109
UNKNOWN                 
1 81817U          24008.35447158  .00077847  00000+0  40546-2 0  9999
2 81817  65.7112 273.4844 0168914 357.2528   2.7652 15.04017947542317
UNKNOWN                 
1 81819U          24002.43373967  .00001002  00000+0  72219-2 0  9992
2 81819 102.1941  84.4189 0030711   0.2584 359.8494 12.46340477459471
UNKNOWN                 
1 81824U          24012.55036579  .00006306  00000+0  27739-2 0  9996
2 81824  65.8477  71.1954 0047637 348.4590  11.5401 14.23495028524493
UNKNOWN                 
1 81833U          24007.90508122  .00000224  00000+0  78920-3 0  9999
2 81833  90.2480 347.2866 0029347  68.2764 292.1474 12.93303118361394
UNKNOWN                 
1 81838U          24008.22161501  .00004702  00000+0  14008-2 0  9997
2 81838  67.7679 288.2747 0042388 326.2274 186.5325 14.43304220531171
UNKNOWN                 
1 81844U          24011.30337202  .00007892  00000+0  35332-2 0  9996
2 81844  82.9216 131.4951 0077514 129.1310 231.6797 14.20860370522847
UNKNOWN                 
1 81845U          24012.53839753  .00003222  00000+0  41237-3 0  9996
2 81845  97.7131 220.7971 0100210  76.8811 314.5694 14.78494650545823
UNKNOWN                 
1 81865U 87062    24010.28795346  .00001616  00000+0  14026-2 0  9990
2 81865  82.8058 209.4405 0067255 196.8369 287.6469 13.84561259511218
UNKNOWN                 
1 81873U          24006.95579854  .00003953  00000+0  20328-2 0  9997
2 81873  99.0736  67.6066 0067743 279.3770  79.9748 14.14668545469542
UNKNOWN                 
1 81877U          23355.48510237  .00000759  00000+0  10855-2 0  9990
2 81877  65.9362 303.2092 0058595  64.2445 296.4643 13.61176553 25661
UNKNOWN                 
1 81893U 70025    24008.04753976  .00000857  00000+0  96452-3 0  9996
2 81893  99.9751 310.9738 0020782 278.0938  81.7851 13.73927691507200
UNKNOWN                 
1 81899U          24009.74505717  .00000867  00000+0  21801-2 0  9990
2 81899 102.4303 340.0086 0182807 257.5438 100.5159 13.17856800486290
UNKNOWN                 
1 81902U          24012.25167428  .00153799  00000+0  78012-2 0  9997
2 81902  81.5930 203.9079 0113296 208.6078 150.8906 15.10812884536721
UNKNOWN                 
1 81921U          24010.89960225  .00001693  00000+0  73072-3 0  9999
2 81921  65.7047 201.0522 0866378  52.4139 315.2407 13.10183679936410
UNKNOWN                 
1 81946U 87079    24008.15771161  .00000074  00000+0  41975-3 0  9991
2 81946  66.4210  67.3406 0673813 331.5821  52.7168 12.42207238460354
UNKNOWN                 
1 81947U          24002.36877792  .00004533  00000+0  47543-3 0  9996
2 81947  66.0814 330.8263 0438373 215.6052 141.5069 14.39181277528284
UNKNOWN                 
1 81964U          24011.93304799  .00000353  00000+0  31941-3 0  9991
2 81964  66.5830 198.1291 0038051 199.9107 160.0490 13.94972001516268
UNKNOWN                 
1 81969U          24007.68808380  .00005335  00000+0  51572-3 0  9995
2 81969  86.6659  96.5368 0009342 177.7477 182.3795 14.92591243334386
UNKNOWN                 
1 81995U          23363.48219763  .00005059  00000+0  10649-2 0  9999
2 81995  65.7496 172.3756 0575367 291.6494  62.4250 13.89880100504444
UNKNOWN                 
1 82043U          24011.51939310  .00002219  00000+0  68224-3 0  9994
2 82043  97.9031 218.3285 0252494  23.2745 337.9636 14.25670838473685
UNKNOWN                 
1 82044U          24003.48789241  .00001320  00000+0  13880-2 0  9997
2 82044  99.9075 102.4669 0064369 310.1913  49.3612 13.76036831464347
UNKNOWN                 
1 82073U          24011.82118277  .00005761  00000+0  16633-2 0  9993
2 82073  97.7267 152.2506 0229589 254.4229 103.1509 14.30690323474582
UNKNOWN                 
1 82139U          24011.58913596  .00003467  00000+0  19333-2 0  9997
2 82139  99.0778  66.2589 0091497 217.5455 141.9303 14.09480795381123
UNKNOWN                 
1 82162U          24011.60438975  .00004975  00000+0  82874-2 0  9994
2 82162 100.4339 255.0200 0044744 118.2609 242.3048 13.46498800409699
UNKNOWN                 
1 82180U          24011.15995048  .00021982  00000+0  39739-2 0  9992
2 82180  65.6653  65.7245 0427540 213.3198 144.0304 14.20914488500990
UNKNOWN                 
1 82189U          23349.55975592  .00000377  00000+0  14361-3 0  9990
2 82189  74.0354 302.4569 0017700 307.1023  52.8511 14.34202758527982
UNKNOWN                 
1 82199U          24011.51931644  .00000696  00000+0  60539-3 0  9996
2 82199  82.9658  40.5409 0036513 224.7698 288.7762 13.84446531512611
UNKNOWN                 
1 82205U          24011.53461680  .00007222  00000+0  19864-2 0  9990
2 82205  63.0092  66.0326 0536989 221.2923 134.6332 13.86485530510521
UNKNOWN                 
1 82223U          24008.05375489  .00001840  00000+0  11150-2 0  9994
2 82223  99.3713 221.8205 0073714 141.8012 218.8411 14.06397919349538
UNKNOWN                 
1 82250U          24012.67899286  .00006343  00000+0  38252-2 0  9998
2 82250  98.9349 278.4468 0082092   2.6307  28.0664 14.05305036517993
UNKNOWN                 
1 82272U          24004.73048818 -.00000002  00000+0  13967-3 0  9991
2 82272  67.5256  42.0338 0757454 199.4186 157.6462 12.32690216184640
UNKNOWN                 
1 82284U          24011.11603419  .00028138  00000+0  78625-2 0  9998
2 82284  99.5499 254.6445 0085894 300.5899  58.6835 14.43950721571081
UNKNOWN                 
1 82285U          24009.75110593  .00014296  00000+0  12645-1 0  9991
2 82285 102.0043 300.5259 0337243 349.5668   9.8587 13.62272470499771
UNKNOWN                 
1 82295U          24008.50413159  .00000846  00000+0  34505-3 0  9995
2 82295  66.6201 195.8106 0129184 356.2438   3.7675 14.27831653479058
UNKNOWN                 
1 82303U          24012.04732934  .00014218  00000+0  24094-1 0  9992
2 82303  81.9567 225.3270 0048824 314.1073 198.7790 13.44662745418871
UNKNOWN                 
1 82311U          24012.17625754  .00000949  00000+0  14281-2 0  9990
2 82311  99.4875  90.6453 0110964 271.2103  87.6324 13.53086950455524
UNKNOWN                 
1 82363U          24011.04963891  .00000518  00000+0  90725-3 0  9999
2 82363  66.9372 255.2728 0464164 253.3602 101.6005 13.14505370197991
UNKNOWN                 
1 82369U 99025    24010.85466841  .00000593  00000+0  43847-3 0  9997
2 82369  98.9511  39.5459 0085111 115.6832 245.3151 13.97468196459115
UNKNOWN                 
1 82381U          24012.01493917  .00013819  00000+0  36327-2 0  9999
2 82381  98.4470 215.4775 0015198 161.5663 198.6084 14.49145448408304
UNKNOWN                 
1 82402U          24011.67871734  .00005989  00000+0  60427-3 0  9999
2 82402  86.6666  95.4457 0010090 168.3127 191.8337 14.90902598349575
UNKNOWN                 
1 82432U 93036    24002.65326385  .00001632  00000+0  39067-3 0  9995
2 82432  74.0085 249.4874 0062321 227.0414 132.5513 14.53227658379559
UNKNOWN                 
1 82448U          24012.53313392  .00006209  00000+0  62557-3 0  9998
2 82448  85.8751 209.7398 0008013 248.1820 111.8554 14.90970269332265
UNKNOWN                 
1 82453U          24011.30424425  .00000005  00000+0  37000-3 0  9991
2 82453 102.0764 325.1311 0094158  63.0300 298.0342 12.39608297459147
UNKNOWN                 
1 82464U          24012.11966524  .00032184  00000+0  61845-2 0  9990
2 82464  70.9930 173.1684 0057846  95.7594  25.5406 14.62431436532829
UNKNOWN                 
1 82484U          24012.09494610  .00000033  00000+0  10737-3 0  9994
2 82484  99.4391  61.1966 0045169 168.8513 191.3636 13.55362038495709
UNKNOWN                 
1 82517U          24012.49873898  .00063306  00000+0  99943-2 0  9991
2 82517  86.3628  16.7860 0023330  38.9010 321.3879 14.71854638322522
UNKNOWN                 
1 82524U          24009.15843525  .00008653  00000+0  34528-2 0  9994
2 82524  73.2907  75.9841 0166227 232.8991 153.0214 14.21384515476594
UNKNOWN                 
1 82529U          24002.10266385  .00000412  00000+0  70839-3 0  9991
2 82529  99.8040 102.1896 0242909 171.3358 313.0189 13.39550587494535
UNKNOWN                 
1 82560U          24010.65111887  .00001474  00000+0  12941-2 0  9999
2 82560  99.9963 257.7918 0011315 355.4137  33.2935 13.87320180514396
UNKNOWN                 
1 82561U          24006.83759437  .00004459  00000+0  92834-3 0  9990
2 82561  63.1039  88.5499 0513994  42.2646  59.0102 14.01700098513145
UNKNOWN                 
1 82597U          23362.05388909  .00001844  00000+0  69808-3 0  9999
2 82597  66.7709 225.2920 0095535 123.1639 237.8670 14.30864306526407
UNKNOWN                 
1 82617U          24009.29823153  .00001011  00000+0  28022-3 0  9991
2 82617  74.0310 122.0526 0041091 240.8618 118.8426 14.47411351534972
UNKNOWN                 
1 82627U          23359.85367076  .00000694  00000+0  18294-2 0  9993
2 82627  82.4768  39.9395 0012392  97.8681  26.4382 13.14804285484430
UNKNOWN                 
1 82683U 99057    24012.25943704  .00002197  00000+0  89426-3 0  9990
2 82683  98.1873 128.2297 0220158 279.8692  77.7695 14.16154679362979
UNKNOWN                 
1 82693U          24012.51092455  .00003681  00000+0  46728-2 0  9994
2 82693 100.5372 268.9598 0049107 322.3358  37.4347 13.63680302458100
UNKNOWN                 
1 82698U          24011.59587188  .00002287  00000+0  13088-2 0  9992
2 82698  61.6050 221.8972 0727487  34.8512 329.7967 13.24226365445316
UNKNOWN                 
1 82729U          24012.13471690  .00001389  00000+0  48208-2 0  9992
2 82729  67.9621 276.0074 0831715 130.0062 237.7014 12.16857235449937
UNKNOWN                 
1 82737U          24008.77039675  .00024607  00000+0  21342-1 0  9996
2 82737 102.8923 341.1923 0280432 257.6732  99.2878 13.69703764450556
UNKNOWN                 
1 82739U          24010.96113767  .00001054  00000+0  95764-3 0  9999
2 82739  99.0298 189.7661 0178186   9.3236 142.5839 13.78760006509251
UNKNOWN                 
1 82741U          24012.41189673  .00003555  00000+0  42097-2 0  9991
2 82741 102.8577 180.2270 0202537  27.8719 333.3088 13.60411459501645
UNKNOWN                 
1 82783U          24007.96283587 -.00000323  00000+0 -98052-3 0  9995
2 82783  90.3111  16.6738 0022462 209.6601 150.3253 13.07830343412194
UNKNOWN                 
1 82785U          24001.94419735  .00039289  00000+0  32047-2 0  9997
2 82785  63.1074 180.5125 0297735  78.9807 284.4611 14.70565215528644
UNKNOWN                 
1 82820U          24011.11580783  .00004540  00000+0  19137-2 0  9996
2 82820  99.7781  80.0707 0058536 203.1264 156.7276 14.25349179525337
UNKNOWN                 
1 82829U          24003.28812703 -.00000077  00000+0 -99380-3 0  9996
2 82829  65.0978 117.3697 0162864 134.5933 254.5822 11.29024959405981
UNKNOWN                 
1 82854U          24007.98593637  .00002007  00000+0  16858-2 0  9998
2 82854  82.6909 255.4696 0130110 111.5597 249.9488 13.83752824982540
UNKNOWN                 
1 82873U          24012.39023427  .00004884  00000+0  24788-2 0  9991
2 82873 100.0050 168.5178 0042811  60.5184 300.0246 14.16026130521795
UNKNOWN                 
1 82875U          23364.22167095  .00000678  00000+0  19257-3 0  9997
2 82875  98.6154 357.9582 0388288 167.8094 193.2814 14.12425185443648
UNKNOWN                 
1 82893U          24010.70292781  .00006750  00000+0  35073-2 0  9990
2 82893  98.9641 107.3008 0032988 257.0957 102.6530 14.14731358324118
UNKNOWN                 
1 82912U          24002.39169630  .00002534  00000+0  11086-2 0  9998
2 82912  65.8402   0.4282 0810244 233.3670 119.0208 13.19540043485297
UNKNOWN                 
1 82939U          24004.97039803  .00000081  00000+0  11003-1 0  9994
2 82939  86.6785 201.9310 1449696 135.1978 237.5577  8.72728615  4019
UNKNOWN                 
1 82959U          24012.14410758  .00002048  00000+0  11403-2 0  9996
2 82959 100.0716  87.1820 0050394   8.4359 351.7645 14.11737349444885
UNKNOWN                 
1 82965U 70025    24011.08970073  .00001371  00000+0  19755-2 0  9996
2 82965 100.1625  61.8858 0001659 157.3404 202.7807 13.57608222429151
UNKNOWN                 
1 83903U          24012.64049572 -.00000323  00000+0  00000+0 0  9996
2 83903   7.9000 297.2840 0126772 229.7181 315.8588  0.99116440 36728
UNKNOWN                 
1 83934U          24012.58438977 -.00000009  00000+0  00000+0 0  9995
2 83934   7.3575 303.0482 0223386 252.9623 271.3736  1.02659421 38098
UNKNOWN                 
1 83970U          24011.92112685  .00009326  00000+0  92175-2 0  9994
2 83970  18.2933 287.4794 5129600 129.8184 287.9890  5.23892253159144
UNKNOWN                 
1 84006U          24008.08375465 -.00000133  00000+0  00000+0 0  9996
2 84006  23.6106 314.4922 6134750 181.7464 174.4540  2.16228974 68987
UNKNOWN                 
1 84159U          24006.35181510 -.00003070  00000+0 -26592-1 0  9999
2 84159  65.5195 340.5946 5873427 223.9123 314.2922  3.89286704  2922
UNKNOWN                 
1 84170U 12008    24012.41520431  .00040491  00000+0  11273-1 0  9992
2 84170  21.1542 299.2314 6869530 336.7825   3.2617  2.80734815 75175
UNKNOWN                 
1 84188U          24012.40386299  .00011824  00000+0  44964-1 0  9992
2 84188  64.9965  21.1816 4489157  78.5782 327.2382  6.02871641196125
UNKNOWN                 
1 84232U 79104    24012.20289724  .00012222  00000+0  15070-1 0  9995
2 84232  20.4432 299.6440 6755914  87.9845 341.8592  2.89295144 83218
UNKNOWN                 
1 84236U          24010.91887063  .00000777  00000+0  40147-2 0  9990
2 84236   9.2429 298.6758 6927491 182.9851 168.4795  2.60273052184323
UNKNOWN                 
1 84292U          24012.21910020  .00015670  00000+0  49664-2 0  9998
2 84292  23.8727  41.7426 4691814   8.2980 357.3962  6.06998581184886
UNKNOWN                 
1 84346U          24011.24786062  .00007732  00000+0  23400-2 0  9997
2 84346  20.7131 201.4817 6762895 158.7866 254.2445  2.94605499 66240
UNKNOWN                 
1 84407U          24010.70892925  .00000025  00000+0  78752-2 0  9999
2 84407  18.4762 173.1109 7198457  38.0083 355.4211  2.05765569 61416
UNKNOWN                 
1 84434U          24006.19100231  .00000847  00000+0  26963-2 0  9998
2 84434  19.9796 236.4104 7113968 272.5149  15.1542  2.39498873 69322
UNKNOWN                 
1 84452U          24012.50770594  .00007599  00000+0  99289-3 0  9998
2 84452   2.8590 329.3683 6124607 194.1425 135.4264  3.87771330127740
UNKNOWN                 
1 84480U          24009.85417650  .00012775  00000+0  62880-2 0  9992
2 84480  45.8938 195.8006 4462864 188.0441 161.4159  6.40154104214056
UNKNOWN                 
1 84565U          24011.90185096  .00000549  00000+0  21899-2 0  9992
2 84565   2.3735 306.8540 7180302 215.1784  65.1314  2.31348339 47620
UNKNOWN                 
1 84588U          24012.61697133  .00022991  00000+0  57400-2 0  9998
2 84588   2.3853  79.9902 6965716 209.5186  80.3759  2.68490580 89206
UNKNOWN                 
1 84839U          23351.56516157 -.00000744  00000+0  00000+0 0  9996
2 84839  16.6217  31.8059 8056726 268.5322 359.1159  0.45882668 16877
UNKNOWN                 
1 84911U          24010.66153899  .00001404  00000+0  22735-1 0  9995
2 84911   1.8948  22.8408 6551748 136.0604 318.8969  2.95977990109769
UNKNOWN                 
1 84932U          24012.60189711  .00001034  00000+0  71430-2 0  9992
2 84932   2.1525 260.8064 6587805  26.4551  45.1918  2.99458038110784
UNKNOWN                 
1 84950U          24012.36463913  .00000219  00000+0  00000+0 0  9990
2 84950   2.0302 272.1198 6948967 134.0401 181.8374  2.04169155 75677
UNKNOWN                 
1 84961U          24011.39246877  .00000052  00000+0  00000+0 0  9997
2 84961   7.1583 290.0530 0135122 253.4989 105.2426  0.98625337 36537
UNKNOWN                 
1 85004U          24012.43789100  .00001675  00000+0  56252-3 0  9999
2 85004  98.3367 353.0702 0050760 104.4839  46.7783 14.37717167531291
UNKNOWN                 
1 85010U          24011.60909821  .00001511  00000+0  16896-2 0  9996
2 85010  99.3068 248.1754 0027408 293.5508  95.0679 13.72617188507647
UNKNOWN                 
1 85015U          24004.52359056  .00000666  00000+0  14271-3 0  9999
2 85015  74.0498 311.8286 0014016  35.6423 324.5676 14.60640559539142
UNKNOWN                 
1 85023U          24012.62515421  .00012633  00000+0  44075-2 0  9999
2 85023  99.8559 260.7539 0003415 290.5919 100.0788 14.35440217527172
UNKNOWN                 
1 85027U          24011.48040074  .00000204  00000+0  26899-3 0  9999
2 85027  66.0424  18.0039 0180079 203.8249 155.4404 13.73691349508271
UNKNOWN                 
1 85047U          24009.98467547  .00008849  00000+0  20557-1 0  9997
2 85047 102.1944 194.4315 0125846 125.6704 235.6196 13.22084466483020
UNKNOWN                 
1 85061U          24008.71832044  .00005370  00000+0  24034-1 0  9991
2 85061 102.5883 281.1852 0265832 105.7070 315.6108 12.68962448466181
UNKNOWN                 
1 85100U          24011.55785038  .00000570  00000+0  19099-3 0  9995
2 85100  74.0451  77.9799 0011242 126.2354 302.1527 14.39552803532402
UNKNOWN                 
1 85106U          24010.12174035  .00000731  00000+0  86643-3 0  9990
2 85106 100.0994  70.4698 0009556   3.0462  26.0670 13.71491383506708
UNKNOWN                 
1 85151U 86019    24012.02173822  .00013647  00000+0  36480-2 0  9991
2 85151  98.4554 215.6422 0014036 152.7764 207.4167 14.48361336377110
UNKNOWN                 
1 85210U 75052    24012.28564368  .00000914  00000+0  93326-3 0  9995
2 85210  99.8013 131.5041 0219758 308.5033  78.1963 13.69470923506208
UNKNOWN                 
1 85217U          24012.31351911  .00002729  00000+0  80948-3 0  9997
2 85217  97.9797 151.5307 0230024  74.4408 288.2040 14.29769225527491
UNKNOWN                 
1 85220U          24010.67383907  .00027622  00000+0  50128-2 0  9993
2 85220  99.3973 275.2301 0119416 196.4816 163.2484 14.61607407530738
UNKNOWN                 
1 85237U          23365.73605102  .00007478  00000+0  16980-2 0  9999
2 85237  65.5423 264.4780 0570580 348.5291  10.3206 13.87678200509075
UNKNOWN                 
1 85238U          24011.13164653  .00000091  00000+0  11029-3 0  9998
2 85238  98.9966 316.8713 0062821 300.0624 128.1104 13.88106692513491
UNKNOWN                 
1 85246U          24012.61971119  .00002838  00000+0  10770-2 0  9996
2 85246  98.0526  75.5708 0233163 201.8292 157.2824 14.17887688523727
UNKNOWN                 
1 85373U          24012.32663260  .00001633  00000+0  12677-2 0  9990
2 85373 100.3944 309.6280 0053514 273.2215 237.3891 13.93710538514314
UNKNOWN                 
1 85383U          24011.29638148  .00019885  00000+0  39944-2 0  9997
2 85383  98.6523 131.6213 0079451 303.8710  55.4947 14.59667907484292
UNKNOWN                 
1 85386U          24009.21657616  .00029945  00000+0  50213-2 0  9990
2 85386  98.6590 148.1218 0080094 227.7168 259.1861 14.67529572534763
UNKNOWN                 
1 87014U          24011.25520248  .00003088  00000+0  51873-2 0  9990
2 87014 100.5416 291.7163 0045257 123.0030  30.9861 13.46353694496314
UNKNOWN                 
1 87029U 99025    24002.92062188  .00001315  00000+0  86584-3 0  9998
2 87029  98.8286  55.9085 0084211  75.8781 285.1726 14.01789827493456
UNKNOWN                 
1 87042U 00055    24004.38837134  .00000888  00000+0  57361-3 0  9996
2 87042  98.7968  64.9929 0043631 286.3210  73.3162 14.05007812454416
UNKNOWN                 
1 87051U 76126    24010.67276263  .00001908  00000+0  71512-3 0  9995
2 87051  65.7316 120.6478 0736477  97.3498 271.1785 13.39678162494300
UNKNOWN                 
1 87054U 75052    24010.34694211  .00003318  00000+0  21316-2 0  9999
2 87054 100.0958 160.5433 0012983  84.4788 275.7855 14.03959474517483
UNKNOWN                 
1 87065U 99025    24010.32633333  .00001978  00000+0  23856-2 0  9994
2 87065  98.7205 323.6636 0334159 307.7291  49.3989 13.46499687421996
UNKNOWN                 
1 87071U 68097    24008.03367180  .00004135  00000+0  16977-2 0  9999
2 87071  61.2218 186.0079 0524698 257.1669  97.0257 13.72789738505269
UNKNOWN                 
1 87074U 77121    24009.82190077  .00000360  00000+0  45153-3 0  9992
2 87074  66.1417 163.5787 0155588 294.1045  64.3811 13.70718022506811
UNKNOWN                 
1 87113U 76126    23364.62185394  .00028831  00000+0  33729-2 0  9995
2 87113  65.6604  69.6348 0292902 226.4134 210.8464 14.58783906529148
UNKNOWN                 
1 87129U 76077    24003.15815854  .00000196  00000+0  17631-2 0  9995
2 87129 102.2881  79.4114 0029740 303.3136  56.5081 12.42368735458539
UNKNOWN                 
1 87159U          24006.52955725  .00001106  00000+0  13382-2 0  9998
2 87159  90.3275  44.6970 0117472 188.8645 171.0440 13.63004050460379
UNKNOWN                 
1 87163U 76126    24009.78992043  .00001673  00000+0  53603-3 0  9990
2 87163  65.5990 160.0089 0685287  12.1803 349.4909 13.55562687481926
UNKNOWN                 
1 87164U          24010.91894250  .00003767  00000+0  95393-3 0  9995
2 87164  65.2047 187.6560 0138551 346.9685  12.7840 14.46541209533828
UNKNOWN                 
1 87204U          24012.05451814  .00003373  00000+0  14741-2 0  9992
2 87204  98.6053 241.1408 0048300 213.9757 145.8326 14.23846311525524
UNKNOWN                 
1 87214U 70025    24011.25885887 -.00000340  00000+0 -26895-3 0  9996
2 87214 100.3056 298.3540 0078111 257.1310 102.1104 13.80358726503322
UNKNOWN                 
1 87235U          23358.71862294  .00005895  00000+0  19412-2 0  9990
2 87235  98.9973 168.9949 0140050 138.8319 222.3530 14.33113870482722
UNKNOWN                 
1 87237U 99025    24011.59627565  .00000568  00000+0  46999-3 0  9993
2 87237  99.3472  59.7440 0104354  16.4318 136.5050 13.90708803514269
UNKNOWN                 
1 87239U 81053    24011.83942022  .00009865  00000+0  35759-2 0  9992
2 87239  82.8822 308.8003 0032244  61.6132 298.8300 14.33003574526820
UNKNOWN                 
1 87245U 71015    24012.33652039  .00004752  00000+0  11459-2 0  9999
2 87245  65.6610 100.6426 0481640 101.2085 323.9435 14.01486195515527
UNKNOWN                 
1 87271U 71015    24010.78452987  .00010240  00000+0  22720-2 0  9997
2 87271  65.7730 293.8058 0504490  72.3204 293.2278 14.00166624513282
UNKNOWN                 
1 87280U          24011.81037610  .00000434  00000+0  82096-3 0  9997
2 87280  64.6154 167.4842 0093656  59.3687 301.6545 13.47640461439367
UNKNOWN                 
1 87293U 71015    24011.87079010  .00004531  00000+0  10559-2 0  9997
2 87293  65.9049 184.5444 0487411  17.0174 344.6615 14.01851855515175
UNKNOWN                 
1 87300U 70025    24010.70812561  .00001636  00000+0  12439-2 0  9995
2 87300 100.0536 281.1122 0032361 359.6198   0.4930 13.95195590515068
UNKNOWN                 
1 87304U          24003.41036945  .00001593  00000+0  26629-3 0  9998
2 87304  74.0193 264.5795 0018654  51.4362 308.8477 14.70670097542022
UNKNOWN                 
1 87320U 71015    24011.24558214  .00001208  00000+0  83103-3 0  9991
2 87320  66.5966 311.0168 0434235 140.7643 222.5764 13.64860763497817
UNKNOWN                 
1 87334U          24012.13662838  .00013995  00000+0  14129-1 0  9995
2 87334  90.0025 271.1797 0080798 262.7150  96.4826 13.75700743289586
UNKNOWN                 
1 87335U          24012.19420636  .00017584  00000+0  17945-1 0  9997
2 87335  89.9891 268.6221 0085372 236.2312 123.0700 13.74882628289622
UNKNOWN                 
1 87405U 81053    24012.63310005  .00001880  00000+0  14565-2 0  9997
2 87405  82.7535 250.0427 0050565 179.0205 181.1068 13.91591226513611
UNKNOWN                 
1 87426U          24011.56921231  .00006233  00000+0  29363-2 0  9992
2 87426  65.7880  59.5296 0079783 300.0738 211.6021 14.18859303522716
UNKNOWN                 
1 87433U          24011.35051953  .00002305  00000+0  43676-2 0  9991
2 87433 100.1568 159.8974 0049544 163.8641 196.4076 13.38782809338721
UNKNOWN                 
1 87448U 70025    24011.28878211  .00002299  00000+0  19905-2 0  9997
2 87448 100.4277 128.0637 0068652 213.9304 145.7448 13.86464596511877
UNKNOWN                 
1 87456U 76126    23363.80335170  .00003958  00000+0  69048-3 0  9990
2 87456  65.7872 161.2221 0577782   9.3800 351.7523 13.96370654511184
UNKNOWN                 
1 87517U 76126    24009.84614767  .00005244  00000+0  15459-2 0  9998
2 87517  65.8274 132.6565 0715331 283.9635 155.0820 13.51545650497552
UNKNOWN                 
1 87541U 70025    24009.15364900  .00000139  00000+0  35375-3 0  9990
2 87541  99.7940 249.5083 0059668 160.8356 350.5744 13.35205594488127
UNKNOWN                 
1 87553U 76126    24012.04559855  .00003176  00000+0  10536-2 0  9993
2 87553  65.6694 242.1971 0723039 179.4950 180.7002 13.46153469496651
UNKNOWN                 
1 87557U 73086    23365.14120914  .00003922  00000+0  98998-2 0  9997
2 87557 101.8398 121.7635 0077047 165.0459 195.2952 13.18804260470764
UNKNOWN                 
1 87561U 76077    24010.66405341 -.00000014  00000+0  23019-3 0  9993
2 87561 102.0996  79.1537 0176023 137.6579  18.5586 12.32138615455969
UNKNOWN                 
1 87565U 99025    24007.99226959  .00001584  00000+0  92732-3 0  9993
2 87565  99.8861 289.5069 0180475 275.7646  82.2967 14.02192022517522
UNKNOWN                 
1 87569U 99025    24009.62566270 -.00000035  00000+0  65835-4 0  9998
2 87569 101.9073 155.9493 0055936 194.7766 229.8372 12.68503380469314
UNKNOWN                 
1 87587U 93036    24004.24054326  .00000290  00000+0  10151-3 0  9993
2 87587  74.0253 332.2965 0020818 183.7020 176.3984 14.39307710531842
UNKNOWN                 
1 87590U 99025    24004.08284432  .00000517  00000+0  32458-3 0  9992
2 87590  98.8750  48.8872 0027997 122.8647 266.6491 14.08636939 54416
UNKNOWN                 
1 87616U 76067    24012.61604628  .00000124  00000+0  60814-3 0  9994
2 87616  66.0366  84.1672 0631495  76.5677  67.1527 12.45696945448983
UNKNOWN                 
1 87624U 99025    24012.14033352  .00006447  00000+0  12927-2 0  9995
2 87624  98.6924 266.8792 0119251 258.1146 100.6659 14.57659060477786
UNKNOWN                 
1 87650U          23359.84847995  .00007205  00000+0  22661-2 0  9994
2 87650 100.2826   8.5694 0046489 182.9994 177.0916 14.40187359 83893
UNKNOWN                 
1 87672U 93016    24009.84498200  .00003119  00000+0  14051-2 0  9995
2 87672  70.8601  78.1489 0067668 264.0455  95.2955 14.21805195524327
UNKNOWN                 
1 87681U          24012.25444297  .00001447  00000+0  16068-2 0  9994
2 87681  66.7390 314.7920 0164620 266.0088  92.2147 13.68702705505888
UNKNOWN                 
1 87690U 76126    24009.60006604  .00007263  00000+0  12136-2 0  9991
2 87690  65.7988   3.3905 0636797  41.7187 323.0670 13.86200263509388
UNKNOWN                 
1 87706U          24011.35042605  .00006238  00000+0  13630-2 0  9994
2 87706  98.6173 158.9774 0124202 265.3982 124.7418 14.53456079476223
UNKNOWN                 
1 87725U 81053    24011.35448753  .00019035  00000+0  50359-2 0  9994
2 87725  82.8932 147.2779 0027989 188.7320 171.3394 14.48483745530963
UNKNOWN                 
1 87730U          24008.76728657  .00000120  00000+0  11015-3 0  9990
2 87730  82.9440  34.9203 0030410 163.2163 197.0007 13.74311348488633
UNKNOWN                 
1 87737U 99025    24005.60688908  .00000022  00000+0  69186-4 0  9990
2 87737  99.4792 243.0744 0132750 229.6859 129.2628 13.72143389506874
UNKNOWN                 
1 87764U 76126    24010.72610549  .00009448  00000+0  19463-2 0  9994
2 87764  65.6805 266.4492 0432218  69.6728 327.3241 14.15500572519079
UNKNOWN                 
1 87771U 75052    24008.31285757  .00000068  00000+0  27830-3 0  9997
2 87771 100.7363 182.9351 0120070 158.4112 202.2124 13.19233313442195
UNKNOWN                 
1 87782U 73086    24012.33274531  .00003108  00000+0  11151-1 0  9994
2 87782 102.3601 149.9023 0079198 208.5682 151.1059 12.94758836477137
UNKNOWN                 
1 87843U 70025    24008.40441207  .00001454  00000+0  35379-2 0  9992
2 87843  99.6762 176.9269 0250309 211.6847 146.8991 13.12610103471614
UNKNOWN                 
1 87845U          24011.19178112  .00000780  00000+0  15568-2 0  9991
2 87845  98.8760 102.1204 0581561  66.0019 300.0837 12.86289434474924
UNKNOWN                 
1 87878U          23353.98612692  .00003734  00000+0  13867-2 0  9990
2 87878  99.1703  57.4200 0040864 218.3128 141.5149 14.32353555507388
UNKNOWN                 
1 87883U 99025    24009.00595648  .00000751  00000+0  28152-3 0  9994
2 87883  99.1979 292.7045 0291810 193.1001 166.2475 14.13979375472851
UNKNOWN                 
1 87884U 99025    24008.54062244  .00000537  00000+0  32346-3 0  9996
2 87884  98.6771 133.4817 0155055 249.5886 108.8572 14.05005002519446
UNKNOWN                 
1 87898U 99025    24012.64238517  .00015205  00000+0  43035-2 0  9999
2 87898  98.8936 268.5414 0109937 140.1660 220.7664 14.42142502527749
UNKNOWN                 
1 87942U          24010.15551165  .00033415  00000+0  20841-2 0  9998
2 87942  99.0554  80.1780 0097610 200.8760 158.8464 15.05505965541540
UNKNOWN                 
1 87991U 77065    23359.36735716  .00001256  00000+0  24757-2 0  9999
2 87991  28.6250  30.5733 0902968 186.9165 171.8089 12.31196249558617
UNKNOWN                 
1 87998U 99025    24004.29040941  .00000951  00000+0  56773-3 0  9990
2 87998  98.6331  33.5795 0028283 100.3528 260.0833 14.09330404449026
UNKNOWN                 
1 89005U          24011.10227203  .00004217  00000+0  10715-2 0  9996
2 89005  97.9120 247.7267 0211516  19.0358 341.8587 14.38626360432957
UNKNOWN                 
1 89029U          24007.61250244  .00003791  00000+0  46417-3 0  9999
2 89029  98.1312 246.0000 0029281 111.9488 248.4841 14.83508176546155
UNKNOWN                 
1 89037U          24002.03775426  .00006221  00000+0  33160-2 0  9994
2 89037  98.4586 294.5734 0134622  23.5357 337.1897 14.09113719422233
UNKNOWN                 
1 89067U          24010.92031078  .00057624  00000+0  13388-2 0  9995
2 89067  80.9767 349.0327 0431582 304.0256  52.0660 14.81182501480912
UNKNOWN                 
1 89101U          24009.10407104  .00000307  00000+0  10477-2 0  9991
2 89101 100.3811 324.7926 0146909 238.0279 120.6474 13.03777465463143
UNKNOWN                 
1 89123U          24012.31221816  .00014685  00000+0  56918-2 0  9990
2 89123  99.0697 141.0768 0054452  91.9277 268.8141 14.29248286427747
UNKNOWN                 
1 89132U          24012.30254559  .00001342  00000+0  14151-2 0  9998
2 89132  63.4459 139.9176 3011864 320.3099  21.1513  8.78840307263235
UNKNOWN                 
1 89142U          24012.50542392  .00823265  00000+0  26052+0 0  9992
2 89142  64.7154  39.0351 1775620   1.3710 359.1268 11.40668755 56349
UNKNOWN                 
1 89146U          24012.25105828  .00005459  00000+0  12351-2 0  9994
2 89146  98.2200 301.9184 0111992  71.7560 289.5786 14.52735990526795
UNKNOWN                 
1 89161U          24012.00674781  .00016774  00000+0  18357-2 0  9997
2 89161  97.6990  24.8933 0107326 283.6172  75.3108 14.83698714443189
UNKNOWN                 
1 89172U 81053    23358.47874518  .00010972  00000+0  24038-2 0  9996
2 89172  82.0707 163.4776 0380076 292.5242  63.6124 14.21188799498808
UNKNOWN                 
1 89177U          23360.54753728  .00000133  00000+0  12605-3 0  9990
2 89177  82.9213  80.8000 0031816 340.2374  19.7546 13.73533723964500
UNKNOWN                 
1 89183U          24009.23006114  .00000483  00000+0  47468-3 0  9997
2 89183  99.2229 291.0097 0131478 226.8039 132.2070 13.80152776509870
UNKNOWN                 
1 89184U          24011.03105078  .00013110  00000+0  34383-2 0  9990
2 89184  98.4434 214.6868 0016865 155.2814 204.9191 14.49255342389512
UNKNOWN                 
1 89195U          24004.16542650  .00003640  00000+0  14310-2 0  9994
2 89195  98.7380  81.8717 0031373 136.7973 223.5677 14.29612569426384
UNKNOWN                 
1 89206U          24012.54454071  .00010111  00000+0  35983-2 0  9997
2 89206  98.6665  46.4162 0025040  52.9088 307.4380 14.34302105385939
UNKNOWN                 
1 89213U          24009.68699636  .00000592  00000+0  41527-3 0  9998
2 89213  98.8600 271.2940 0230420 251.9307 105.6629 13.90110952354933
UNKNOWN                 
1 89218U          24011.87454611  .00000868  00000+0  82412-3 0  9993
2 89218 100.3580 252.0549 0102370  25.8165 334.8043 13.81926909496680
UNKNOWN                 
1 89251U          24012.51011826  .00011829  00000+0  73310-2 0  9994
2 89251  62.4891 173.2640 3008716  37.4736 340.1979  8.91341100309502
UNKNOWN                 
1 89255U          24009.40029904  .00001693  00000+0  21985-2 0  9997
2 89255  98.6368 225.6732 0358487  85.5403 278.6586 13.39449327400953
UNKNOWN                 
1 89261U          24010.49508129  .00001044  00000+0  34047-3 0  9990
2 89261  98.1551  30.6883 0014365 125.6536 234.5993 14.40518932432610
UNKNOWN                 
1 89281U          24008.01711434  .00028878  00000+0  46948-2 0  9998
2 89281  99.3250 209.2094 0008523  95.7590 264.4585 14.71001341532889
UNKNOWN                 
1 89304U          24011.19982061  .00004502  00000+0  19404-1 0  9997
2 89304  84.6782 277.1788 2696465 143.8979 350.2570  8.90757100375611
UNKNOWN                 
1 89314U          24012.54252086  .00001333  00000+0  38163-2 0  9998
2 89314  18.9059 130.6934 7056140  52.5073 352.5631  2.47939122 71013
UNKNOWN                 
1 89327U          23360.25963803  .00001430  00000+0  11677-2 0  9990
2 89327  82.5591 194.9515 0013784 325.5482  34.4786 13.89010703374993
UNKNOWN                 
1 89349U          24009.38756624  .00000459  00000+0  15923-2 0  9998
2 89349  90.2466 351.5380 0030201 316.1915  43.6809 12.95832584387644
UNKNOWN                 
1 89379U          24011.83644366  .00003141  00000+0  46775-2 0  9993
2 89379 100.5057 334.2591 0051068  35.5978 324.8545 13.53856908485602
UNKNOWN                 
1 89391U          24011.84680114  .00149694  00000+0  43861-2 0  9996
2 89391  97.4948 148.6705 0083388 226.1996 133.2329 15.31207175322685
UNKNOWN                 
1 89403U          24010.43407442  .00000713  00000+0  24195-2 0  9992
2 89403  90.2475 349.9625 0025155 280.8330 234.9908 12.97728553386701
UNKNOWN                 
1 89460U          24012.35213436  .00001769  00000+0  34417-2 0  9996
2 89460 100.2531 165.8749 0056812 170.3113 189.9121 13.37309381339531
UNKNOWN                 
1 89484U          24012.25399989 -.00005106  00000+0 -16916-1 0  9993
2 89484  84.6387 336.1066 2739096 195.4380 154.3206  8.92852062292424
UNKNOWN                 
1 89490U          24011.30652506  .00014065  00000+0  49862-2 0  9991
2 89490  98.4220 324.2268 0101015 130.7945 230.2057 14.31739268380342
UNKNOWN                 
1 89492U          23365.47178619  .00001616  00000+0  11336-2 0  9993
2 89492  82.5267 277.5613 0021966 228.0593 131.8703 13.97634447467848
UNKNOWN                 
1 89493U          24011.59804345  .00003539  00000+0  19622-2 0  9990
2 89493  99.0773  66.5575 0090052 216.5980 142.9015 14.09837361364918
UNKNOWN                 
1 89494U          24008.07723992  .00002823  00000+0  15719-2 0  9996
2 89494  99.0783  62.9657 0090544 226.4350 132.9276 14.09776215364275
