CUTE-1 (CO-55)          
1 27844U 03031E   24012.93987502  .00000623  00000+0  29583-3 0  9994
2 27844  98.6787  22.1626 0008888 234.3553 125.6798 14.23032607 65566
CUBESAT XI-IV (CO-57)   
1 27848U 03031J   24012.95519330  .00000532  00000+0  25784-3 0  9998
2 27848  98.6820  22.5040 0008648 251.7543 108.2694 14.22507699 65321
CUBESAT XI-V            
1 28895U 05043F   24012.31706890  .00003103  00000+0  56524-3 0  9998
2 28895  98.1780 148.2809 0016893 130.5749 229.6928 14.66694715971458
CUTE-1.7+APD II (CO-65) 
1 32785U 08021C   24012.52703839  .00007287  00000+0  67893-3 0  9991
2 32785  97.7358 339.6412 0013153 122.0506 238.1993 14.94490360852069
AAUSAT-II               
1 32788U 08021F   24012.88677858  .00020756  00000+0  12774-2 0  9997
2 32788  97.5822 353.7457 0007303  14.7480 345.3961 15.10014996854783
SEEDS II (CO-66)        
1 32791U 08021J   24012.90640347  .00010402  00000+0  83615-3 0  9997
2 32791  97.6794 345.5434 0009895  79.1460 281.0876 15.00160410853143
SWISSCUBE               
1 35932U 09051B   24012.90966608  .00001959  00000+0  43292-3 0  9996
2 35932  98.4929 252.9767 0008557  80.3022 279.9142 14.58416995759774
BEESAT-1                
1 35933U 09051C   24012.61608570  .00001693  00000+0  37715-3 0  9994
2 35933  98.4857 253.7781 0006799  91.9612 268.2365 14.58235835759881
ITUPSAT1                
1 35935U 09051E   24012.65856771  .00001546  00000+0  35268-3 0  9996
2 35935  98.4957 253.6826 0009041  97.4846 262.7379 14.57238314759468
TISAT 1                 
1 36799U 10035E   24012.60287515  .00009736  00000+0  80158-3 0  9995
2 36799  98.1056 255.4871 0009422   7.7815 352.3551 14.99278133733770
M-CUBED & EXP-1 PRIME   
1 37855U 11061F   24012.82688135  .00066540  00000+0  13173-2 0  9994
2 37855 101.6905 100.7938 0084091 111.1109 249.9138 15.43012425668694
AEROCUBE 4.5A           
1 38767U 12048K   24012.61204124  .00010374  00000+0  65285-3 0  9998
2 38767  64.6633  95.5035 0103313  76.4061 284.8539 15.05248087236867
AEROCUBE 4.5B           
1 38768U 12048L   24013.17461815  .00020178  00000+0  97651-3 0  9998
2 38768  64.6626  28.8067 0082557  65.4554 295.5146 15.15625036237717
STRAND-1                
1 39090U 13009E   24013.12423113  .00000644  00000+0  23683-3 0  9999
2 39090  98.3798 205.7046 0008950   5.7858 354.3430 14.35844439569867
BRITE-AUSTRIA           
1 39091U 13009F   24012.93580929  .00000415  00000+0  15835-3 0  9993
2 39091  98.3834 204.7777 0010580  12.3859 347.7585 14.35651527569845
BEESAT-2                
1 39136U 13015G   24013.11286249  .00466301  00000+0  19016-2 0  9993
2 39136  64.8514 352.3032 0007672 281.3855  78.6442 15.84660945594786
NEE-01 PEGASO           
1 39151U 13018B   24012.95826415  .00004398  00000+0  53002-3 0  9997
2 39151  98.0225 128.9012 0015442 184.9778 175.1285 14.84291256578797
ESTCUBE 1               
1 39161U 13021C   24013.13585832  .00002983  00000+0  44642-3 0  9996
2 39161  97.8496  84.3306 0009461  22.2182 337.9436 14.75388109574115
POPACS 1                
1 39268U 13055D   24012.83295261  .00027465  00000+0  54507-3 0  9994
2 39268  80.9889 328.9993 0450557 230.8764 125.1585 14.80901691537316
POPACS 2                
1 39269U 13055E   24013.11055098  .00015317  00000+0  36750-3 0  9992
2 39269  81.0030  48.0245 0578228  76.9669 289.5394 14.50282697534142
POPACS 3                
1 39270U 13055F   24012.92634263  .00017550  00000+0  49790-3 0  9998
2 39270  81.0113  94.0314 0644792 206.0666 150.6700 14.32737851531252
ZACUBE-1 (TSHEPISOSAT)  
1 39417U 13066B   24012.85639227  .00006887  00000+0  75426-3 0  9996
2 39417  97.7155 332.7911 0051707 318.6150  41.1154 14.87106519548331
WNISAT-1                
1 39423U 13066H   24013.11752233  .00001471  00000+0  29052-3 0  9994
2 39423  97.6782 220.0490 0172118 138.7298 222.7060 14.54744893537954
TRITON-1                
1 39427U 13066M   24013.11653864  .00004066  00000+0  59389-3 0  9997
2 39427  97.8434 296.3177 0103980 223.6509 135.6441 14.72626122543420
DELFI-N3XT              
1 39428U 13066N   24012.74714747  .00007965  00000+0  10795-2 0  9992
2 39428  97.8399 295.5560 0104019 234.4071 124.7412 14.75456355543009
GOMX-1                  
1 39430U 13066Q   24013.17592937  .00003683  00000+0  62701-3 0  9996
2 39430  97.7543 256.9126 0143570  28.7439 332.1580 14.63020671540225
CUBEBUG-2 (LO-74)       
1 39440U 13066AA  24012.84465494  .00006164  00000+0  75856-3 0  9999
2 39440  97.7987 320.2862 0074204  65.0023 295.8873 14.81362222545170
NEE-02 KRYSAOR          
1 39441U 13066AB  24013.13949230  .00003728  00000+0  48878-3 0  9995
2 39441  97.8090 316.9560 0077802  82.9968 278.0085 14.78789082546023
FUNCUBE-1 (AO-73)       
1 39444U 13066AE  24012.88125942  .00008904  00000+0  92216-3 0  9991
2 39444  97.7007 335.6156 0049180 301.1293  58.5106 14.89367299546824
UWE-3                   
1 39446U 13066AG  24012.86603068  .00007332  00000+0  85448-3 0  9994
2 39446  97.7637 326.3794 0063537  14.1403 346.1571 14.84054247546098
BRITE-CA1 (TORONTO)     
1 40020U 14033L   24012.97784537  .00002608  00000+0  43314-3 0  9999
2 40020  97.8518 155.9219 0083240 230.2881 129.0967 14.68712079512040
DUCHIFAT-1              
1 40021U 14033M   24012.88816971  .00014788  00000+0  11189-2 0  9994
2 40021  98.0740 349.4750 0012565 269.5858  90.3925 15.02371565520629
NANOSATC-BR1            
1 40024U 14033Q   24012.85432209  .00012125  00000+0  98977-3 0  9996
2 40024  98.0583 339.0707 0007947 324.6473  35.4221 14.99553835519790
QB50P1                  
1 40025U 14033R   24012.86820212  .00009222  00000+0  81080-3 0  9994
2 40025  98.0231 329.0591 0009793 325.4153  34.6429 14.96739581519473
QB50P2                  
1 40032U 14033Y   24012.84991433  .00008464  00000+0  76411-3 0  9993
2 40032  97.9906 321.7002 0009323 324.6635  35.3966 14.95730575519285
PERSEUS-M2              
1 40037U 14033AD  24012.75134836  .00003528  00000+0  37618-3 0  9996
2 40037  97.9200 303.2029 0013542 357.7896   2.3259 14.89460856518536
PERSEUS-M1              
1 40039U 14033AF  24012.74986850  .00003591  00000+0  38537-3 0  9999
2 40039  97.9029 299.6860 0013317 357.3553   2.7591 14.89178284518392
POLYITAN-1              
1 40042U 14033AJ  24012.83144931  .00012587  00000+0  10567-2 0  9996
2 40042  98.0360 331.6259 0010353 318.9960  41.0482 14.98445217519396
TIGRISAT                
1 40043U 14033AK  24012.91878980  .00003395  00000+0  46740-3 0  9994
2 40043  97.6758 182.7051 0057833  92.1499 268.6336 14.77721408514374
AEROCUBE 6A             
1 40045U 14033AM  24013.04943527  .00006603  00000+0  83628-3 0  9992
2 40045  97.6572 193.0749 0053687  73.6157 287.0949 14.81064259514900
AEROCUBE 6B             
1 40046U 14033AN  24013.03917657  .00006956  00000+0  86461-3 0  9996
2 40046  97.6532 191.6479 0052256  69.9354 290.7474 14.81881183515086
UKUBE-1                 
1 40074U 14037F   24012.77574622  .00008611  00000+0  87721-3 0  9992
2 40074  98.3412 293.5255 0002848 207.5493 152.5573 14.90966374515454
BRITE-PL2 (HEWELIUSZ)   
1 40119U 14049B   24012.83544864  .00003579  00000+0  39741-3 0  9994
2 40119  97.8821 113.4125 0016822 154.9554 205.2482 14.87747518509325
GRIFEX                  
1 40379U 15003D   24012.95978708  .00222452  00000+0  12873-2 0  9993
2 40379  99.0812  10.5121 0032287 249.2930 110.4868 15.77215730495964
CP10 (EXOCUBE)          
1 40380U 15003E   24012.91267726  .00068891  00000+0  11201-2 0  9991
2 40380  99.1003 354.8155 0065622 304.6086  54.8981 15.49981175494998
EXACTVIEW 9             
1 40936U 15052G   24006.07845669  .00002815  00000+0  28083-3 0  9991
2 40936   6.0026  75.6655 0010627 288.6842  71.2132 14.79620840447345
AEROCUBE 5C             
1 40965U 15058B   24012.63543793  .00003716  00000+0  37983-3 0  9991
2 40965  64.7719 121.5776 0178503 357.6737   2.3519 14.81018777233845
AEROCUBE 7              
1 40966U 15058C   24012.61994365  .00004883  00000+0  48126-3 0  9992
2 40966  64.7703 116.6499 0174897 357.3853   2.6321 14.82384406233888
VELOX-II                
1 41171U 15077F   24012.79883444  .00054392  00000+0  12300-2 0  9990
2 41171  14.9887 191.3087 0004053 322.6116  37.3927 15.41248215447420
HORYU-4                 
1 41340U 16012D   24013.03357870  .00012379  00000+0  69645-3 0  9999
2 41340  31.0031 269.6982 0010366 194.2757 165.7590 15.11995710434468
E-ST@R-II               
1 41459U 16025D   24013.13442234  .00086594  00000+0  13260-2 0  9995
2 41459  98.1530 243.3832 0070274  77.6181 283.2923 15.51189036425184
RAVAN                   
1 41849U 16067B   24012.40790663  .00015135  00000+0  93266-3 0  9993
2 41849  98.0513 181.4910 0014227 199.1996 160.8698 15.09988704392292
CELTEE 1                
1 41850U 16067C   24012.89033014  .00006640  00000+0  48382-3 0  9998
2 41850  98.0837 174.8096 0001523  59.2881 300.8493 15.04109970391910
OPTICUBE 04             
1 41851U 16067D   24012.99704882  .00004936  00000+0  38863-3 0  9997
2 41851  98.0465 171.7732 0015371 215.2683 144.7524 15.01209916391795
AEROCUBE 8D             
1 41852U 16067E   24012.98265946  .00008910  00000+0  63398-3 0  9997
2 41852  98.0893 174.3104 0004478 272.6693  87.4019 15.04888827391886
AEROCUBE 8C             
1 41853U 16067F   24012.98929042  .00009827  00000+0  69991-3 0  9995
2 41853  98.0692 173.2988 0008210 201.6514 158.4365 15.04802440391873
PROMETHEUS 2-1          
1 41854U 16067G   24012.97057435  .00016985  00000+0  10188-2 0  9999
2 41854  98.0858 178.4112 0013959 226.9952 133.0107 15.10947917392102
PROMETHEUS 2-3          
1 41855U 16067H   24013.03195297  .00016698  00000+0  10026-2 0  9999
2 41855  98.0780 178.1190 0011752 236.5651 123.4454 15.10937438392118
DIDO-2                  
1 42000U 17008BE  24012.94657824  .00058138  00000+0  91721-3 0  9993
2 42000  97.1706  72.0472 0004552   5.5426 354.5877 15.53332258384335
AALTO-1                 
1 42775U 17036L   24013.05810414  .00042142  00000+0  82700-3 0  9997
2 42775  97.1278  43.2879 0009453  68.6155 291.6103 15.47171315364837
URSA MAIOR              
1 42776U 17036M   24012.64764481  .00051986  00000+0  86018-3 0  9996
2 42776  97.1277  45.1687 0008111  61.8282 298.3790 15.52004338364901
DIAMOND RED             
1 42783U 17036U   24012.60390770  .00084727  00000+0  10249-2 0  9997
2 42783  97.1196  49.8468 0006131  66.7468 293.4435 15.60396145365202
DIAMOND GREEN           
1 42785U 17036W   24013.06986731  .00116586  00000+0  11617-2 0  9997
2 42785  97.1159  51.1741 0005633  62.3577 297.8255 15.65287300365320
DIAMOND BLUE            
1 42786U 17036X   24013.07032839  .00099087  00000+0  11036-2 0  9991
2 42786  97.1202  50.7738 0006047  59.6922 300.4934 15.62498875365293
CICERO 6                
1 42793U 17036AE  24012.93273033  .00060475  00000+0  91471-3 0  9997
2 42793  97.1185  49.2906 0006706  61.6246 298.5684 15.54473845365295
CORVUS BC2              
1 42846U 17042X   24012.76977847  .00004278  00000+0  38422-3 0  9994
2 42846  97.3723 206.7461 0007363 220.1056 139.9623 14.96173981354046
CORVUS BC1              
1 42847U 17042Y   24012.47871655  .00005335  00000+0  47652-3 0  9993
2 42847  97.3711 206.8493 0007233 218.1705 141.9006 14.96294896354018
MIRATA                  
1 43015U 17073C   24012.63133284  .00020573  00000+0  11138-2 0  9992
2 43015  97.6069 259.9393 0193415  72.4838 289.7418 14.99960908332807
MAKERSAT 0              
1 43016U 17073D   24012.61125926  .00016401  00000+0  10054-2 0  9996
2 43016  97.6052 256.2974 0212296  87.6582 274.8926 14.93296522332513
CORVUS BC3              
1 43118U 18004H   24012.93641224  .00063325  00000+0  96885-3 0  9997
2 43118  97.3050  93.8030 0005448  89.9170 270.2708 15.54155333334428
GOMX-4B                 
1 43196U 18015E   24012.94585327  .00039037  00000+0  76611-3 0  9995
2 43196  97.5942 176.8993 0010519 166.1682 193.9857 15.47176808331253
GOMX-4A                 
1 43197U 18015F   24013.17466731  .00046608  00000+0  76402-3 0  9999
2 43197  97.5905 180.5459 0009501 157.1809 202.9867 15.52278004331521
CUBEBEL-1 (BSUSAT-1)    
1 43666U 18083E   24013.16507460  .00172544  00000+0  15621-2 0  9993
2 43666  97.3479  54.0610 0006106  72.7125 287.4803 15.67506083289708
CICERO 10               
1 43690U 18088A   24012.77993267  .00052827  00000+0  94384-3 0  9990
2 43690  85.0261 289.5408 0009834 134.6578 225.5483 15.49770562287798
PROXIMA I               
1 43694U 18088E   24012.91152245  .00077093  00000+0  10543-2 0  9999
2 43694  85.0169 283.9157 0012286 103.8998 256.3630 15.57069080288193
PROXIMA II              
1 43696U 18088G   24012.76110147  .00074179  00000+0  10305-2 0  9997
2 43696  85.0178 284.1275 0012249 104.6724 255.5895 15.56654563288159
SIRION PATHFINDER-2     
1 43759U 18099B   24013.10568769  .00006343  00000+0  50424-3 0  9990
2 43759  97.5441  73.6986 0015436  97.1298 263.1682 15.00684344279083
CORVUS BC4              
1 43767U 18099K   24013.14134107  .00005364  00000+0  43361-3 0  9992
2 43767  97.5368  71.3997 0010841 150.7196 209.4637 15.00157005278985
MOVE-II                 
1 43780U 18099Y   24012.41822950  .00016237  00000+0  10163-2 0  9990
2 43780  97.5454  77.4923 0008373 150.0487 210.1223 15.09442675279233
SPACEBEE-7              
1 43816U 18099BL  24013.11761603  .00013564  00000+0  91068-3 0  9999
2 43816  97.5724  79.1304 0012210 102.6958 257.5635 15.06867043278874
SPACEBEE-5              
1 43817U 18099BM  24012.75496345  .00239414  00000+0  38429-2 0  9992
2 43817  97.5620  93.9127 0002458 342.0141  18.1023 15.52183345279739
SPACEBEE-6              
1 43818U 18099BN  24012.72555388  .00023950  00000+0  13346-2 0  9990
2 43818  97.5650  82.1231 0011233 113.1578 247.0837 15.13542928279178
SHIELDS 1               
1 43850U 18104B   24013.08362062  .00012468  00000+0  38994-3 0  9997
2 43850  85.0232  28.6427 0009480 304.8670  55.1686 15.32961873282211
STF-1                   
1 43852U 18104D   24013.03782507  .00231539  00000+0  14326-2 0  9998
2 43852  85.0077  20.9758 0001607 144.0953 216.0426 15.76438164283001
ZACUBE-2                
1 43907U 18111AH  24013.18442264  .00094944  00000+0  11116-2 0  9997
2 43907  97.0983 254.8282 0010579 145.6702 214.5242 15.61170771281657
LUME 1                  
1 43908U 18111AJ  24012.66795215  .00279827  00000+0  12898-2 0  9990
2 43908  97.0977 261.1336 0008514 116.2395 243.9751 15.82793980282029
SONATE                  
1 44400U 19038Q   24012.94647986  .00018864  00000+0  70567-3 0  9999
2 44400  97.7044   1.0401 0016481 302.9180  57.0472 15.27247903250185
LUCKY-7                 
1 44406U 19038W   24012.95054394  .00028301  00000+0  89497-3 0  9990
2 44406  97.6980   3.4805 0013697 292.1897  67.7891 15.32663913250355
BEESAT 9                
1 44412U 19038AC  24012.95777181  .00068586  00000+0  13398-2 0  9998
2 44412  97.6859   8.0122 0007266 276.3623  83.6799 15.47203932250380
JAISAT-1                
1 44419U 19038F   24012.94969907  .00066217  00000+0  12993-2 0  9992
2 44419  97.6837   9.1145 0007028 271.1751  88.8693 15.47086417250760
DUCHIFAT-3              
1 44854U 19089C   24013.10850143  .00014941  00000+0  87830-3 0  9991
2 44854  36.9595 272.4676 0009725 259.1733 100.7917 15.11016983224548
M2 PATHFINDER           
1 45727U 20037E   24013.05010854  .00004650  00000+0  42247-3 0  9996
2 45727  97.7648 190.5586 0010250 288.6379  71.3729 14.95702454192599
NETSAT-4                
1 46504U 20068U   24012.81229911  .00011507  00000+0  68613-3 0  9997
2 46504  97.7891 326.4109 0010504 166.1960 193.9559 15.11288234180528
NETSAT-3                
1 46505U 20068V   24012.81544874  .00011559  00000+0  69631-3 0  9994
2 46505  97.7864 326.0907 0009468 174.3134 185.8204 15.10923899180521
NETSAT-1                
1 46506U 20068W   24012.80190785  .00008836  00000+0  54666-3 0  9998
2 46506  97.7887 325.8158 0007825 182.7323 177.3864 15.10041758180501
NETSAT-2                
1 46507U 20068X   24012.82055668  .00011674  00000+0  69806-3 0  9997
2 46507  97.7875 326.1029 0006945 187.8690 172.2431 15.11207481180473
WILDTRACKCUBE-SIMBA     
1 47941U 21022K   24013.17444778  .00014264  00000+0  72925-3 0  9998
2 47941  97.4785 271.7547 0016590 336.1440  23.9022 15.16647309154787
BEESAT-6                
1 47957U 21022AB  24012.69200140  .00054681  00000+0  16858-2 0  9993
2 47957  97.4697 276.4006 0010616 325.5577  34.4976 15.33356291154864
SMOG-1                  
1 47964U 21022AJ  24012.70902755  .00051915  00000+0  15295-2 0  9995
2 47964  97.4811 279.1817 0008661 308.3759  51.6706 15.34827882154040
BCCSAT-1                
1 48041U 21022AK  24012.72264658  .00041450  00000+0  14243-2 0  9992
2 48041  97.4808 277.0709 0007989 313.3287  46.7287 15.29958837153883
BEESAT-5                
1 48083U 21022AM  24012.70212138  .00064199  00000+0  17933-2 0  9996
2 48083  97.4555 276.9652 0008883 322.6564  37.4062 15.36438272154061
BEESAT-7                
1 48084U 21022AN  24012.66840309  .00054192  00000+0  16529-2 0  9991
2 48084  97.4727 276.6976 0010547 322.8139  37.2372 15.33700469153607
BEESAT-8                
1 48085U 21022AP  24012.52197129  .00027018  00000+0  11510-2 0  9994
2 48085  97.4865 274.1472 0013906 330.8674  29.1785 15.22848987153963
LEDSAT                  
1 49069U 21073D   24013.15412648  .00016253  00000+0  76959-3 0  9997
2 49069  97.4591  85.8804 0022745 109.9614 250.4073 15.19183700132729
