BEIJING 1               
1 28890U 05043A   23251.04492737  .00000515  00000+0  11231-3 0  9999
2 28890  98.1684  11.6333 0014444 208.5470 151.4941 14.61896182952529
HJ-1A                   
1 33320U 08041A   23251.07196147  .00000905  00000+0  12984-3 0  9992
2 33320  97.6434 267.2557 0019877 210.9649 149.0393 14.78625375808501
HJ-1B                   
1 33321U 08041B   23251.10120166  .00001084  00000+0  15105-3 0  9992
2 33321  97.6442 271.6863 0037451 260.0437  99.6548 14.79224101808515
YAOGAN 4                
1 33446U 08061A   23251.05602189  .00001519  00000+0  21426-3 0  9992
2 33446  97.8530 183.9870 0017039 120.9764 239.3123 14.78563576795702
DEIMOS-1                
1 35681U 09041A   23251.12731960  .00000695  00000+0  11636-3 0  9998
2 35681  97.6828  83.3769 0001162 154.4276 205.6990 14.72658178757649
UK-DMC 2                
1 35683U 09041C   23251.10360644  .00001116  00000+0  18375-3 0  9991
2 35683  97.7442  46.2953 0001055  89.2025 270.9304 14.72334425757342
RISAT 1                 
1 38248U 12017A   23251.04117814  .00008558  00000+0  43069-3 0  9995
2 38248  97.5419 263.6521 0004974 132.4572 227.7082 15.17449216626579
DMC3-FM1                
1 40715U 15032A   23251.10545995  .00000843  00000+0  11030-3 0  9991
2 40715  97.7869 132.7909 0006957 128.8311 231.3524 14.82895726439612
DMC3-FM2                
1 40716U 15032B   23251.12701055  .00000857  00000+0  11212-3 0  9992
2 40716  97.7916 133.7053 0008635 133.9888 226.2039 14.82884479439615
DMC3-FM3                
1 40717U 15032C   23251.08379677  .00000827  00000+0  10835-3 0  9996
2 40717  97.7958 134.7788 0010303 133.4189 226.7884 14.82911409439619
