PROBA-1                 
1 26958U 01049B   23251.14477950  .00002766  00000+0  22423-3 0  9990
2 26958  97.8838 218.3169 0066268 290.5312  68.8807 14.98861685191469
BIRD 2                  
1 26959U 01049C   23250.35330561  .00190267  00000+0  66958-3 0  9994
2 26959  97.7746  27.0775 0004131 216.2249 143.8743 15.88666430522743
CUTE-1 (CO-55)          
1 27844U 03031E   23251.01904421  .00000418  00000+0  20568-3 0  9992
2 27844  98.6805 257.0726 0008657 242.8742 117.1554 14.22865310 47543
CUBESAT XI-IV (CO-57)   
1 27848U 03031J   23250.00378631  .00000352  00000+0  17804-3 0  9998
2 27848  98.6839 256.4554 0008467 263.4396  96.5818 14.22363753 47131
GENESIS 1               
1 29252U 06029A   23250.36079687  .00012676  00000+0  46157-3 0  9992
2 29252  64.5210  36.1651 0014787 210.0283 149.9998 15.28418583947076
GENESIS 2               
1 31789U 07028A   23250.78679860  .00009648  00000+0  35488-3 0  9995
2 31789  64.4940  79.2226 0053692 249.8740 109.6606 15.27033191894016
APRIZESAT 4             
1 35684U 09041D   23251.06221478  .00001002  00000+0  13603-3 0  9991
2 35684  98.2790 284.5189 0045853 356.2921   3.7943 14.80548778761320
APRIZESAT 3             
1 35686U 09041F   23250.76869284  .00002961  00000+0  30290-3 0  9998
2 35686  98.1017 352.5044 0070424 161.8777 198.4974 14.89524378765150
PROBA-2                 
1 36037U 09059B   23251.05520266  .00000328  00000+0  89043-4 0  9991
2 36037  98.2286  74.4066 0013653 163.4219 196.7427 14.53596950734363
APRIZESAT 5             
1 37792U 11044E   23250.93909116  .00001328  00000+0  19252-3 0  9993
2 37792  98.2644 143.2135 0057178  17.5337 342.7829 14.76750609649151
APRIZESAT 6             
1 37793U 11044F   23251.14655677  .00000909  00000+0  14559-3 0  9997
2 37793  98.3408 122.1280 0047279  76.6377  74.4411 14.73587219647920
PROBA-V                 
1 39159U 13021A   23251.03057619  .00000103  00000+0  63745-4 0  9990
2 39159  98.3189 268.2538 0003518 206.0266 154.0737 14.23147181536980
APRIZESAT 7             
1 39416U 13066A   23250.40796202  .00001829  00000+0  21318-3 0  9998
2 39416  97.6282 215.1232 0038757 327.1209  32.7596 14.85896965530370
APRIZESAT 8             
1 39425U 13066K   23250.71244202  .00001681  00000+0  20946-3 0  9992
2 39425  97.6860 207.9654 0050806  17.2364 343.0560 14.82857738529219
BUGSAT-1 (TITA)         
1 40014U 14033E   23250.88444235  .00005618  00000+0  44859-3 0  9992
2 40014  98.1379 273.5588 0034835 359.7570   0.3629 15.00231686503117
SAUDISAT 4              
1 40016U 14033G   23251.03265816  .00001021  00000+0  15136-3 0  9998
2 40016  97.6465  66.4332 0048563 127.6428 232.9204 14.76334541496436
APRIZESAT 9             
1 40018U 14033J   23250.35901673  .00001112  00000+0  18229-3 0  9999
2 40018  97.7647  43.3823 0069194 217.7141 141.9205 14.71070195494330
APRIZESAT 10            
1 40019U 14033K   23250.40263702  .00000805  00000+0  14205-3 0  9998
2 40019  97.8275  34.2777 0081415 270.2588  88.9289 14.68049088493351
TDS 1                   
1 40076U 14037H   23250.99642077  .00005648  00000+0  60042-3 0  9995
2 40076  98.3333 152.4944 0007968  66.6401 293.5653 14.89395935496301
TIANTUO 2               
1 40144U 14053B   23251.12238799  .00015808  00000+0  31124-3 0  9995
2 40144  97.1546 328.5234 0008798  23.4559 336.7091 15.47277374504065
TECHNOSAT               
1 42829U 17042E   23251.11457309  .00002256  00000+0  21590-3 0  9996
2 42829  97.3873  83.6149 0012219 311.9972  48.0208 14.94069200334874
FLYING LAPTOP           
1 42831U 17042G   23251.04835393  .00001409  00000+0  13915-3 0  9995
2 42831  97.3891  83.8019 0012277 313.5324  46.4876 14.93367118334857
HAWK-A                  
1 43765U 18099H   23251.12763819  .00004812  00000+0  39106-3 0  9998
2 43765  97.5675 312.0674 0010955 186.4100 173.6986 15.00005219260178
HAWK-B                  
1 43794U 18099AN  23250.86116609  .00004564  00000+0  37117-3 0  9993
2 43794  97.5675 311.8075 0010880 188.3139 171.7906 15.00003465260129
HAWK-C                  
1 43799U 18099AT  23251.12784501  .00004649  00000+0  37798-3 0  9999
2 43799  97.5675 311.9644 0010844 187.1059 173.0012 15.00006149260164
SALSAT                  
1 46495U 20068K   23251.05677724  .00005271  00000+0  34100-3 0  9990
2 46495  97.7756 200.0079 0014717 190.6606 169.4312 15.08544630161568
HAWK-2C                 
1 47502U 21006CT  23250.17658256  .00011828  00000+0  56680-3 0  9996
2 47502  97.3782 302.2045 0009514 168.7571 191.3878 15.19034684144878
HAWK-2A                 
1 47505U 21006CW  23250.17679349  .00011905  00000+0  57031-3 0  9992
2 47505  97.3781 302.3137 0009417 167.9862 192.1599 15.19044232144878
HAWK-2B                 
1 47508U 21006CZ  23250.17700327  .00011802  00000+0  56542-3 0  9998
2 47508  97.3781 302.2037 0009698 170.1546 189.9881 15.19040121144876
HAWK-3B                 
1 48931U 21059BE  23250.59586035  .00008806  00000+0  39053-3 0  9999
2 48931  97.5946  25.1789 0013646 359.2101   0.9110 15.21755353121811
HAWK-3C                 
1 48948U 21059BX  23250.33255032  .00008059  00000+0  35763-3 0  9993
2 48948  97.6213  27.4926 0014705   3.4811 356.6524 15.21752540121778
HAWK-3A                 
1 48957U 21059CG  23250.59541068  .00007592  00000+0  33712-3 0  9991
2 48957  97.6080  26.4744 0014585 356.6150   3.4984 15.21754118121817
HAWK-4B                 
1 52165U 22033J   23250.46638624  .00010475  00000+0  36685-3 0  9997
2 52165  97.3513 330.0158 0007977 234.6782 125.3713 15.29644492 79814
HAWK-4A                 
1 52167U 22033L   23250.53153127  .00010335  00000+0  36201-3 0  9996
2 52167  97.3466 329.7700 0007453 233.6561 126.3992 15.29645024 79827
HAWK-4C                 
1 52170U 22033P   23250.53139234  .00010707  00000+0  37473-3 0  9998
2 52170  97.3516 330.0654 0009545 221.0071 139.0453 15.29644562 79820
HAWK-5C                 
1 52754U 22057Y   23250.75216391  .00006812  00000+0  34025-3 0  9998
2 52754  97.5610   6.7494 0009848  61.6664 298.5561 15.17762850 71142
HAWK-5B                 
1 52756U 22057AA  23250.75200203  .00007097  00000+0  35431-3 0  9993
2 52756  97.5453   5.7536 0010452  56.8398 303.3837 15.17761099 71143
HAWK-5A                 
1 52757U 22057AB  23250.75177818  .00006696  00000+0  33444-3 0  9995
2 52757  97.5531   6.2483 0010808  59.9383 300.2921 15.17761531 71142
HAWK-6B                 
1 55324U 23011A   23250.79418721  .00004057  00000+0  26977-3 0  9996
2 55324  40.5183  74.4148 0005522 332.5826  27.4686 15.07966789 34067
HAWK-6C                 
1 55326U 23011C   23250.86010106  .00003709  00000+0  24753-3 0  9994
2 55326  40.4871  73.3650 0005687 325.7548  34.2889 15.07961935 34086
HAWK-6A                 
1 55327U 23011D   23250.85998452  .00004426  00000+0  29330-3 0  9996
2 55327  40.5033  73.7223 0005709 321.8902  38.1498 15.07964892 34088
HAWK-7A                 
1 56191U 23054P   23250.56771959  .00006465  00000+0  28438-3 0  9995
2 56191  97.3982 144.3701 0012101  94.0511 266.2109 15.22150493 22717
HAWK-7B                 
1 56193U 23054R   23250.50195548  .00006393  00000+0  28126-3 0  9999
2 56193  97.3803 143.9813 0013076  82.2440 278.0280 15.22133799 22702
HAWK-7C                 
1 56200U 23054Y   23250.69862792  .00006780  00000+0  29836-3 0  9999
2 56200  97.3881 144.3408 0015077  90.9162 269.3802 15.22080976 22736
