TDRS 3                  
1 19548U 88091B   24012.78794316 -.00000291  00000+0  00000+0 0  9998
2 19548  13.2834 347.0256 0040095 335.4945  23.9483  1.00277431116493
FLTSATCOM 8 (USA 46)    
1 20253U 89077A   24012.82266524 -.00000359  00000+0  00000+0 0  9993
2 20253  12.6825 356.5204 0006205 310.3205 226.9180  1.00276402251738
SKYNET 4C               
1 20776U 90079A   24013.09068866  .00000132  00000+0  00000+0 0  9994
2 20776  13.6263 355.8841 0002818 298.0151 244.2155  1.00274051122057
TDRS 5                  
1 21639U 91054B   24012.69266751  .00000092  00000+0  00000+0 0  9990
2 21639  14.1825   0.2683 0025268 355.3167 198.1922  1.00274088118828
TDRS 6                  
1 22314U 93003B   24012.86008503 -.00000289  00000+0  00000+0 0  9994
2 22314  14.1576   3.5608 0007135 163.9328 208.1498  1.00270935113529
UFO 2 (USA 95)          
1 22787U 93056A   24012.66003397  .00000132  00000+0  00000+0 0  9996
2 22787  11.6119   8.1672 0003636 288.7031  81.0629  1.00272792109666
USA 99 (MILSTAR-1 1)    
1 22988U 94009A   24012.56482542 -.00000196  00000+0  00000+0 0  9991
2 22988  16.2626  37.0926 0003002 260.6481 287.1851  1.00271542 22753
UFO 4 (USA 108)         
1 23467U 95003A   24012.76026991 -.00000016  00000+0  00000+0 0  9994
2 23467   9.7163  15.9533 0002227 229.2972 312.3992  1.00274144106056
AMSC 1                  
1 23553U 95019A   24012.50396414 -.00000089  00000+0  00000+0 0  9999
2 23553  12.4823  22.4139 0006810 267.4337 255.5542  1.00272439105280
TDRS 7                  
1 23613U 95035B   24012.74182545 -.00000190  00000+0  00000+0 0  9991
2 23613  13.7467 354.3367 0023534  61.2165  47.7334  1.00266563104365
USA 115 (MILSTAR-1 2)   
1 23712U 95060A   24013.10864848 -.00000015  00000+0  00000+0 0  9999
2 23712  13.7421  10.1399 0003880 268.6026 112.4629  1.00269617 22761
INMARSAT 3-F1           
1 23839U 96020A   24013.10104437 -.00000123  00000+0  00000+0 0  9997
2 23839   8.7365  54.1068 0005118 215.3136 324.2421  0.99976421101698
INMARSAT 3-F2           
1 24307U 96053A   24012.43312605 -.00000250  00000+0  00000+0 0  9998
2 24307   7.8267  62.3413 0003542 236.6646 296.2764  0.99999362100052
INMARSAT 3-F3           
1 24674U 96070A   24012.69683029  .00000125  00000+0  00000+0 0  9993
2 24674   8.3806  57.5017 0006266 220.9085 297.1533  0.99992250 99048
GALAXY 25 (G-25)        
1 24812U 97026A   24013.10052223  .00000030  00000+0  00000+0 0  9997
2 24812   5.1414  77.8038 0005881 265.9559 246.8419  0.99092095 97430
INTELSAT 5 (IS-5)       
1 24916U 97046A   24012.83075837 -.00000059  00000+0  00000+0 0  9991
2 24916   8.4621  56.7612 0005858 203.2181 317.0399  1.00271799 96727
AMC-3 (GE-3)            
1 24936U 97050A   24012.56848038 -.00000255  00000+0  00000+0 0  9997
2 24936   5.9575  73.8323 0002755 225.0015 305.3634  1.00271129 96559
USA 134                 
1 25019U 97065A   24013.11348410 -.00000059  00000+0  00000+0 0  9999
2 25019  11.7229  27.8706 0003599 279.6422  93.3264  1.00273716 22726
INMARSAT 3-F5           
1 25153U 98006B   24012.57076216 -.00000285  00000+0  00000+0 0  9996
2 25153   7.6888  61.4229 0005020 233.7069 327.9092  1.00269342 94996
ASTRA 2A                
1 25462U 98050A   24012.80900267  .00000074  00000+0  00000+0 0  9991
2 25462   4.8494  79.2629 0003083 212.3052 168.6375  1.00270805 37452
SKYNET 4E               
1 25639U 99009B   24012.79910271 -.00000029  00000+0  00000+0 0  9997
2 25639  11.5461  13.9008 0003733 273.5066 110.8570  1.00270554 42508
ABS-6                   
1 25924U 99053A   24012.90088059 -.00000111  00000+0  00000+0 0  9998
2 25924   0.0390 274.4796 0002758   9.5377 311.1624  1.00270970 88952
UFO 10 (USA 146)        
1 25967U 99063A   24012.86469725 -.00000183  00000+0  00000+0 0  9993
2 25967   9.3607  31.3051 0004876 237.9071 131.0154  1.00266864 88456
GALAXY 11 (G-11)        
1 26038U 99071A   24012.90235997 -.00000050  00000+0  00000+0 0  9992
2 26038   4.4772  81.2096 0000240 131.3752  30.4478  1.00270362 88192
USA 148                 
1 26052U 00001A   24012.83345606  .00000042  00000+0  00000+0 0  9994
2 26052  10.4560  38.7932 0003040 249.4233 303.7999  1.00272066 22737
ASIASTAR                
1 26107U 00016A   24012.91924211 -.00000330  00000+0  00000+0 0  9996
2 26107   7.0359  67.0364 0004282 222.8202 257.9481  1.00273565 87035
USA 149 (DSP 20)        
1 26356U 00024A   24012.69292858  .00000103  00000+0  00000+0 0  9998
2 26356  12.5002  17.8108 0000934  25.6917 152.6555  1.00286910 24029
TDRS 8                  
1 26388U 00034A   24012.76427295  .00000099  00000+0  00000+0 0  9991
2 26388  11.2900  38.4566 0005462 237.4667 303.1993  1.00270407 86290
INTELSAT 9 (IS-9)       
1 26451U 00043A   24012.55666255 -.00000283  00000+0  00000+0 0  9996
2 26451   8.4454  56.9611 0003666 229.3030 335.6672  1.00269417 85952
NSS-11 (AAP-1)          
1 26554U 00059A   24012.83267286  .00000034  00000+0  00000+0 0  9992
2 26554   0.0473 287.8146 0002504  38.4175 261.3449  1.00272110 32405
USA 153                 
1 26575U 00065A   24012.89702181 -.00000320  00000+0  00000+0 0  9995
2 26575  10.0822  42.0886 0002385 227.0208 300.0027  1.00276915 24040
AMC-6 (GE-6)            
1 26580U 00067A   24012.76992944  .00000114  00000+0  00000+0 0  9997
2 26580   0.0523 282.8689 0002122  12.9114 314.1293  1.00269545 85009
INTELSAT 1R (IS-1R)     
1 26608U 00072A   24012.90053249 -.00000134  00000+0  00000+0 0  9999
2 26608   5.8521  74.3735 0002249 233.2318 285.5662  1.00271892 32439
ANIK F1                 
1 26624U 00076A   24013.11529633 -.00000056  00000+0  00000+0 0  9993
2 26624   2.9012  85.6664 0002830 198.3429 120.3640  1.00270957 84841
USA 157 (MILSTAR-2 2)   
1 26715U 01009A   24012.62965737  .00000019  00000+0  00000+0 0  9993
2 26715  10.5813  24.6288 0003175 255.2183 294.1757  1.00270576 24068
INTELSAT 10 (IS-10)     
1 26766U 01019A   24012.83302095  .00000037  00000+0  00000+0 0  9995
2 26766   6.9478  68.1739 0004321 217.1777 304.1354  1.00271815 83049
INTELSAT 901 (IS-901)   
1 26824U 01024A   24012.86374000 -.00000193  00000+0  00000+0 0  9998
2 26824   0.0559 258.1395 0000499  50.2102  86.9400  1.00269123 14093
ASTRA 2C                
1 26853U 01025A   24012.60215475 -.00000254  00000+0  00000+0 0  9991
2 26853   5.9797  73.6536 0002926 223.3315 318.9122  1.00270452 36153
USA 159 (DSP 21)        
1 26880U 01033A   24012.93107748 -.00000293  00000+0  00000+0 0  9992
2 26880  11.9474  22.2691 0001086  11.4273   4.3651  1.00271901 22731
INTELSAT 902 (IS-902)   
1 26900U 01039A   24012.71606233 -.00000276  00000+0  00000+0 0  9991
2 26900   3.8611  82.4912 0003315 213.9369  22.9486  1.00270963 81805
USA 164 (MILSTAR-2 3)   
1 27168U 02001A   24012.72981192  .00000104  00000+0  00000+0 0  9998
2 27168  10.1342  26.5771 0099695 356.6001  10.1589  1.00271118 24072
INTELSAT 904 (IS-904)   
1 27380U 02007A   24012.43364819 -.00000207  00000+0  00000+0 0  9994
2 27380   4.6819  79.6477 0002994 222.3433 296.0315  1.00270252 42879
NSS-7                   
1 27414U 02019A   24012.93690800 -.00000155  00000+0  00000+0 0  9994
2 27414   7.2490  66.2927 0002558 239.4317 123.4647  1.00271612 79679
DIRECTV 5 (TEMPO 1)     
1 27426U 02023A   24013.13385193 -.00000050  00000+0  00000+0 0  9995
2 27426   2.5983  86.3788 0003091 207.0393 116.7460  1.00271021 79428
INTELSAT 905 (IS-905)   
1 27438U 02027A   24013.07920164 -.00000180  00000+0  00000+0 0  9992
2 27438   4.5082  80.3129 0002672 213.1015 182.6541  1.00271558 79088
GALAXY 3C (G-3C)        
1 27445U 02030A   24013.13689773 -.00000145  00000+0  00000+0 0  9990
2 27445   1.4475  88.9064 0000926 240.4906  97.1454  1.00270749 79064
INTELSAT 906 (IS-906)   
1 27513U 02041A   24012.88201477  .00000020  00000+0  00000+0 0  9991
2 27513   3.5351  83.7778 0005958 191.4864 218.2534  1.00271490 78146
TDRS 10                 
1 27566U 02055A   24012.76357677  .00000092  00000+0  00000+0 0  9994
2 27566   9.2674  46.4726 0004956 294.4658 234.6165  1.00267371 77342
NIMIQ 2                 
1 27632U 02062A   24012.63270317 -.00000062  00000+0  00000+0 0  9995
2 27632   7.3575  65.6958 0005279 213.2733 311.2021  1.00271783 35290
USA 167                 
1 27691U 03008A   24012.70013716  .00000057  00000+0  00000+0 0  9990
2 27691   9.1814  50.6844 0002390 237.8313 305.0906  1.00274234 24066
USA 169 (MILSTAR-2 4)   
1 27711U 03012A   24012.89940119 -.00000191  00000+0  00000+0 0  9994
2 27711  10.9902  36.4643 0097902 356.8317 194.5124  1.00270981 22757
ASIASAT 4               
1 27718U 03014A   24013.05257575 -.00000215  00000+0  00000+0 0  9996
2 27718   2.4260  86.9220 0003107 206.0427 345.5344  1.00272796 76038
HELLAS-SAT 2            
1 27811U 03020A   24012.86730792 -.00000077  00000+0  00000+0 0  9998
2 27811   5.1264  78.2900 0007946 205.0543 130.7022  1.00271119 33957
THURAYA-2               
1 27825U 03026A   24012.73468521  .00000133  00000+0  00000+0 0  9995
2 27825   7.4974  34.4097 0003078 241.5049 144.2703  1.00272138 75464
OPTUS C1                
1 27831U 03028B   24012.90018441 -.00000146  00000+0  00000+0 0  9990
2 27831   4.6486  79.9976 0005813 213.1913 298.4646  1.00270182 44171
GALAXY 23 (G-23)        
1 27854U 03034A   24013.13167637  .00000020  00000+0  00000+0 0  9990
2 27854   0.9016  91.2533 0002831 207.0942 100.2546  1.00271325 79662
USA 170                 
1 27875U 03040A   24012.87165906  .00000103  00000+0  00000+0 0  9999
2 27875   8.6002  55.6870 0002712 194.3522 187.8183  1.00477636 24080
GALAXY 13 (HORIZONS-1)  
1 27954U 03044A   24012.76775387  .00000142  00000+0  00000+0 0  9992
2 27954   0.0169  68.7037 0001721 290.8776 238.5471  1.00272784 37681
YAMAL 202               
1 28089U 03053A   24012.83014920 -.00000074  00000+0  00000+0 0  9994
2 28089   4.0898  81.5727 0004677 194.3780 298.1760  1.00271473 73811
UFO 11 (USA 174)        
1 28117U 03057A   24013.09904285 -.00000096  00000+0  00000+0 0  9995
2 28117   7.8234  37.1501 0002425 251.6563 294.1479  1.00272585 73537
USA 176 (DSP 22)        
1 28158U 04004A   24013.04979885 -.00000213  00000+0  00000+0 0  9997
2 28158  10.8496  31.9786 0001447 250.9748 294.2925  1.00268091 22722
ABS-4 (MOBISAT-1)       
1 28184U 04007A   24012.80978587  .00000047  00000+0  00000+0 0  9994
2 28184   3.7819  82.6747 0006927 211.6754 169.9153  1.00271297 43456
EUTELSAT 7A             
1 28187U 04008A   24012.76992944  .00000111  00000+0  00000+0 0  9998
2 28187   3.5663  82.3896 0002753 219.5458 307.7576  1.00272268 72460
AMC-11 (GE-11)          
1 28252U 04017A   24012.70387914 -.00000039  00000+0  00000+0 0  9990
2 28252   0.0243 334.6531 0002584 302.8437 336.4819  1.00271042 71987
INTELSAT 10-02          
1 28358U 04022A   24012.99910404 -.00000003  00000+0  00000+0 0  9991
2 28358   0.0466 235.4045 0000818 100.1294 135.1048  1.00270603 71741
ANIK F2                 
1 28378U 04027A   24012.63226806 -.00000040  00000+0  00000+0 0  9996
2 28378   0.9871  91.1351 0000757 201.9412 295.0323  1.00270967 32374
AMC-15                  
1 28446U 04041A   24012.84824994 -.00000079  00000+0  00000+0 0  9995
2 28446   0.0338 312.8887 0002272 341.8158  17.4408  1.00271417 70420
NSS-10 (AMC-12)         
1 28526U 05003A   24013.14821069 -.00000246  00000+0  00000+0 0  9993
2 28526   4.2210  81.0124 0002849 204.7998 202.2106  1.00270555 69432
XTAR-EUR                
1 28542U 05005A   24012.85137419  .00000158  00000+0  00000+0 0  9990
2 28542   2.0444  87.7746 0005572 200.4621 159.0544  1.00270810 69293
XM-3 (RHYTHM)           
1 28626U 05008A   24013.13059126 -.00000197  00000+0  00000+0 0  9990
2 28626   0.0479 216.2176 0000347 155.2302  62.5757  1.00268950 69180
INMARSAT 4-F1           
1 28628U 05009A   24012.90375234  .00000053  00000+0  00000+0 0  9998
2 28628   4.1093  40.1171 0003754 272.3817 298.4042  1.00547340 68780
DIRECTV 8               
1 28659U 05019A   24012.63070164  .00000012  00000+0  00000+0 0  9992
2 28659   0.0146  71.7118 0002678 227.1703 280.7355  1.00270559 68185
GALAXY 28 (G-28)        
1 28702U 05022A   24013.19236816 -.00000177  00000+0  00000+0 0  9998
2 28702   1.0060  89.8001 0006786 194.3225 168.2547  1.00266062 67949
THAICOM 4               
1 28786U 05028A   24012.82135990 -.00000353  00000+0  00000+0 0  9992
2 28786   0.0234  56.9670 0002370 255.3433 214.7095  1.00268851 43367
GALAXY 14 (G-14)        
1 28790U 05030A   24012.87574913  .00000162  00000+0  00000+0 0  9994
2 28790   2.7274  85.7228 0001394 215.5915 158.7042  1.00273116 67424
ANIK F1R                
1 28868U 05036A   24013.13437407 -.00000067  00000+0  00000+0 0  9997
2 28868   2.0293  87.5437 0001379 229.4944  96.1217  1.00266042 67277
SYRACUSE 3A             
1 28885U 05041B   24013.09329934  .00000138  00000+0  00000+0 0  9990
2 28885   2.3725  86.8085 0003329 207.5287 257.4920  1.00272429 66856
INMARSAT 4-F2           
1 28899U 05044A   24012.96936750 -.00000254  00000+0  00000+0 0  9993
2 28899   4.0165  41.7782 0001925 261.1025 301.4782  1.00272190 66613
SPACEWAY 2              
1 28903U 05046B   24012.69839670  .00000110  00000+0  00000+0 0  9994
2 28903   3.2349  82.1380 0000230 166.7818 335.3129  1.00271227 42452
METEOSAT-9 (MSG-2)      
1 28912U 05049B   24012.80665304  .00000132  00000+0  00000+0 0  9995
2 28912   7.3266  62.1611 0000272 215.2750 170.4185  1.00270097 66169
EUTELSAT 174A           
1 28924U 05052A   24013.11853594  .00000016  00000+0  00000+0 0  9998
2 28924   1.9605  87.3641 0006070 207.7668  33.6075  1.00271092 66105
ECHOSTAR 10             
1 28935U 06003A   24012.84720567 -.00000046  00000+0  00000+0 0  9993
2 28935   0.0484 282.4204 0002517 334.7940  49.4159  1.00271301 65583
SPAINSAT                
1 28945U 06007A   24012.77272277 -.00000206  00000+0  00000+0 0  9998
2 28945   0.0161 282.7987 0004652 346.9364  90.2116  1.00270826 65324
EUTELSAT HOTBIRD 13E    
1 28946U 06007B   24012.87183310  .00000095  00000+0  00000+0 0  9994
2 28946   0.0706 176.4136 0006267 102.0470 160.0470  1.00272244 65435
JCSAT-5A                
1 29045U 06010A   24012.82388355 -.00000319  00000+0  00000+0 0  9990
2 29045   0.0426 242.1575 0001435  60.3273 237.9516  1.00271416 64885
ASTRA 1KR               
1 29055U 06012A   24013.08790392  .00000128  00000+0  00000+0 0  9997
2 29055   0.0712 274.5336 0004430 347.6685 260.6870  1.00272828 64866
EWS-G1 (GOES 13)        
1 29155U 06018A   24013.05257575 -.00000283  00000+0  00000+0 0  9995
2 29155   2.2175  87.1537 0087709 248.3756 305.1099  0.99158150 64610
EUTELSAT 113 WEST A     
1 29162U 06020A   24012.70353105 -.00000027  00000+0  00000+0 0  9999
2 29162   0.0797 111.4775 0003096 185.1118 315.3594  1.00272274 64582
GALAXY 16 (G-16)        
1 29236U 06023A   24012.84955529 -.00000117  00000+0  00000+0 0  9997
2 29236   0.0597 244.9839 0002468  44.7826  28.8893  1.00270138 64083
EUTELSAT HOTBIRD 13B    
1 29270U 06032A   24012.87583615  .00000165  00000+0  00000+0 0  9993
2 29270   0.0445 358.5593 0003374 296.0787 165.5970  1.00268871 38422
JCSAT-3A                
1 29272U 06033A   24013.03795287 -.00000336  00000+0  00000+0 0  9996
2 29272   0.0165  55.2069 0002142 238.7403 319.7165  1.00272669 63878
SYRACUSE 3B             
1 29273U 06033B   24012.86817815 -.00000035  00000+0  00000+0 0  9995
2 29273   0.6187  91.6014 0005236 197.5198 130.0621  1.00270304 63812
KOREASAT 5 (MUGUNGWHA 5)
1 29349U 06034A   24012.82014157 -.00000349  00000+0  00000+0 0  9992
2 29349   0.0130  67.0249 0001529 197.1682 255.9240  1.00270250 32438
DIRECTV 9S              
1 29494U 06043A   24012.84912017 -.00000103  00000+0  00000+0 0  9995
2 29494   0.1254  88.0593 0002847 208.5232  19.7150  1.00270242 42498
OPTUS D1                
1 29495U 06043B   24013.05257575 -.00000175  00000+0  00000+0 0  9990
2 29495   0.7400  90.6697 0003445 204.0555 348.2320  1.00271634 63258
BADR-4                  
1 29526U 06051A   24013.08929628  .00000153  00000+0  00000+0 0  9997
2 29526   0.0322   7.7045 0008012 297.9444 224.5380  1.00271965 63000
WILDBLUE-1              
1 29643U 06054A   24012.70387914 -.00000039  00000+0  00000+0 0  9998
2 29643   0.5058  92.8694 0001440 195.4694 325.5510  1.00271336 44900
SKYNET 5A               
1 30794U 07007B   24012.81657365 -.00000264  00000+0  00000+0 0  9998
2 30794   3.0295  84.3132 0004185 215.2558 201.3731  1.00271319 61818
ANIK F3                 
1 31102U 07009A   24012.70239976  .00000008  00000+0  00000+0 0  9991
2 31102   0.0184  44.7261 0002014 264.4281 296.7250  1.00273647 37674
ASTRA 1L                
1 31306U 07016A   24012.87305142  .00000128  00000+0  00000+0 0  9995
2 31306   0.0847 301.1007 0005122 349.0885 155.1631  1.00268171 36123
GALAXY 17 (G-17)        
1 31307U 07016B   24013.13059177 -.00000198  00000+0  00000+0 0  9998
2 31307   0.7183  91.4770 0004703 215.2413 127.3963  1.00269614 61192
ZHONGXING-6B            
1 31800U 07031A   24012.82057670 -.00000353  00000+0  00000+0 0  9997
2 31800   0.1124  95.6848 0004073 200.1730 226.8124  1.00274680 60547
DIRECTV 10              
1 31862U 07032A   24012.84877208 -.00000094  00000+0  00000+0 0  9997
2 31862   0.0331 154.1523 0000731  74.1333  86.2899  1.00272414 60517
SPACEWAY 3              
1 32018U 07036A   24012.78637675 -.00000277  00000+0  00000+0 0  9993
2 32018   1.6950  87.3436 0001082 141.6238 109.1332  1.00271048 37668
BSAT-3A                 
1 32019U 07036B   24012.81944539 -.00000341  00000+0  00000+0 0  9990
2 32019   0.0846 248.8778 0003809  14.5480 253.1911  1.00268996 41649
OPTUS D2                
1 32252U 07044A   24012.90105463 -.00000102  00000+0  00000+0 0  9998
2 32252   0.0311 283.7648 0003290  11.2791 301.2103  1.00271374 59687
INTELSAT 11 (IS-11)     
1 32253U 07044B   24012.86069420 -.00000260  00000+0  00000+0 0  9991
2 32253   1.2593  89.7526 0004135 211.5594  77.3681  1.00271165 59609
WGS F1 (USA 195)        
1 32258U 07046A   24012.99910404  .00000049  00000+0  00000+0 0  9993
2 32258   0.0175  42.3581 0000280  21.4386  53.8329  1.00270052 59430
SKYNET 5B               
1 32294U 07056B   24013.08903522  .00000147  00000+0  00000+0 0  9997
2 32294   2.9849  83.8456 0003986 205.6400 239.6799  1.00271795 59305
ASTRA 4A (SIRIUS 4)     
1 32299U 07057A   24013.08503216  .00000041  00000+0  00000+0 0  9992
2 32299   0.0150  45.4379 0002801 243.9304 218.1130  1.00271944 59076
HORIZONS-2              
1 32388U 07063B   24013.14107483 -.00000245  00000+0  00000+0 0  9998
2 32388   0.3071  91.1776 0001932 210.5474 147.3536  1.00268877 58995
THURAYA-3               
1 32404U 08001A   24013.10365505 -.00000295  00000+0  00000+0 0  9992
2 32404   4.6422  30.9505 0002136 274.7860 302.1552  1.00271796 58645
THOR 5                  
1 32487U 08006A   24013.08398789 -.00000001  00000+0  00000+0 0  9990
2 32487   0.0395 248.5565 0002650  57.0982 195.8838  1.00270208 58298
AMC-14                  
1 32708U 08011A   24012.72946383  .00000074  00000+0  00000+0 0  9990
2 32708  22.8767  31.1878 0039533 350.9758   9.6395  1.00273287 59277
DIRECTV 11              
1 32729U 08013A   24012.84955529 -.00000116  00000+0  00000+0 0  9998
2 32729   0.0208 100.9019 0001084  33.5359 184.0358  1.00268526 58053
ICO G1                  
1 32763U 08016A   24013.13724583 -.00000165  00000+0  00000+0 0  9990
2 32763   4.6846  33.6953 0002401 257.2676 137.6961  1.00272586 57581
VINASAT-1               
1 32767U 08018A   24012.89548517 -.00000320  00000+0  00000+0 0  9992
2 32767   0.0238 321.6261 0001559 354.5938 249.9791  1.00270221 57714
STAR ONE C2             
1 32768U 08018B   24013.14457700 -.00000268  00000+0  00000+0 0  9996
2 32768   0.0328 333.5766 0002711 333.5564 152.0236  1.00269744 57660
AMOS-3                  
1 32794U 08022A   24012.86843921 -.00000026  00000+0  00000+0 0  9994
2 32794   0.0263  96.5151 0002124 161.9401 161.9104  1.00270914 73440
GALAXY 18 (G-18)        
1 32951U 08024A   24012.62991844  .00000035  00000+0  00000+0 0  9992
2 32951   0.0227  54.8624 0002862 240.0587 280.4647  1.00270095 36965
CHINASAT 9 (ZX 9)       
1 33051U 08028A   24012.90327063 -.00000239  00000+0  00000+0 0  9992
2 33051   0.0161  97.2602 0004338 214.7539 217.2448  1.00270959 57156
SKYNET 5C               
1 33055U 08030A   24012.86574152 -.00000132  00000+0  00000+0 0  9999
2 33055   1.5038  86.8674 0003858 213.6664 105.1729  1.00270585 57067
TURKSAT 3A              
1 33056U 08030B   24012.87757661  .00000155  00000+0  00000+0 0  9993
2 33056   0.0248 114.1498 0002606 178.5659 177.0603  1.00268259 43471
INTELSAT 25 (IS-25)     
1 33153U 08034A   24013.14942903 -.00000216  00000+0  00000+0 0  9990
2 33153   0.4148  90.8556 0003180 216.3913 187.1539  1.00268989 56754
BADR-6                  
1 33154U 08034B   24013.08929628  .00000152  00000+0  00000+0 0  9991
2 33154   0.5560  87.0967 0004930 287.3623 155.7382  1.00268626 56865
ECHOSTAR 11             
1 33207U 08035A   24012.84720567 -.00000047  00000+0  00000+0 0  9999
2 33207   0.0548 271.1249 0002485  25.7101   9.9715  1.00270793 42326
SUPERBIRD-C2            
1 33274U 08038A   24013.05257575 -.00000243  00000+0  00000+0 0  9992
2 33274   0.0673  93.3260 0000542 195.4931 346.0852  1.00268707 56496
AMC-21                  
1 33275U 08038B   24012.70092037  .00000046  00000+0  00000+0 0  9994
2 33275   0.6527  92.3953 0002769 205.2402 301.4758  1.00272123 56605
INMARSAT 4-F3           
1 33278U 08039A   24012.63487874 -.00000131  00000+0  00000+0 0  9993
2 33278   3.5988  25.9613 0002970 267.9493 308.2448  1.00271116 37651
NIMIQ 4                 
1 33373U 08044A   24013.13942139 -.00000212  00000+0  00000+0 0  9991
2 33373   0.0383  78.1014 0002458 222.7870 139.4529  1.00268984 55958
GALAXY 19 (G-19)        
1 33376U 08045A   24012.84999039 -.00000129  00000+0  00000+0 0  9990
2 33376   0.0188 311.9833 0002994 353.6427  15.1858  1.00270465 56018
ASTRA 1M                
1 33436U 08057A   24013.08790392  .00000128  00000+0  00000+0 0  9996
2 33436   0.0360  81.2758 0001264 152.4653 289.1434  1.00270846 55593
CIEL-2                  
1 33453U 08063A   24012.77193096  .00000067  00000+0  00000+0 0  9997
2 33453   0.4693  92.9027 0002594 199.7304 328.1606  1.00271575 55244
EUTELSAT HOTBIRD 13C    
1 33459U 08065A   24013.15325802 -.00000093  00000+0  00000+0 0  9990
2 33459   0.6603  88.1227 0005043 201.4101 225.2491  1.00271119 55366
FENGYUN 2E              
1 33463U 08066A   24013.10130545 -.00000200  00000+0  00000+0 0  9999
2 33463   7.1945  61.4705 0001122 291.5714 242.1376  1.00275685 55206
EXPRESS-AM44            
1 33595U 09007A   24012.86704685 -.00000081  00000+0  00000+0 0  9992
2 33595   1.1724  89.0525 0004326 199.4235 124.4929  1.00270827 43396
NSS-9                   
1 33749U 09008A   24012.83406523  .00000081  00000+0  00000+0 0  9990
2 33749   0.0329 312.4504 0001975 340.0446 302.6479  1.00269311 54636
EUTELSAT 33E            
1 33750U 09008B   24012.85947588 -.00000273  00000+0  00000+0 0  9999
2 33750   0.3788  89.5703 0004601 208.6486  73.9018  1.00040184 54558
TELSTAR 11N             
1 34111U 09009A   24012.86182549 -.00000242  00000+0  00000+0 0  9997
2 34111   0.0271  62.3979 0002368 217.1589 104.9992  1.00268043 37345
WGS F2 (USA 204)        
1 34713U 09017A   24012.85882845  .00000077  00000+0  00000+0 0  9994
2 34713   0.0246  65.1778 0000330 317.5514  95.7979  1.00270636 36738
SES-7 (PROTOSTAR 2)     
1 34941U 09027A   24012.89080407 -.00000336  00000+0  00000+0 0  9995
2 34941   0.0102  17.3892 0001871 272.4044 251.0043  1.00271922 53733
MEASAT-3A               
1 35362U 09032A   24012.81579045 -.00000233  00000+0  00000+0 0  9998
2 35362   0.0572 232.8836 0002689  23.5078 240.5705  1.00273091 53360
GOES 14                 
1 35491U 09033A   24013.11597166 -.00000057  00000+0  00000+0 0  9994
2 35491   0.0871 235.1323 0000203 113.0247  57.1100  1.00271688 53276
FM-5                    
1 35493U 09034A   24013.12941161 -.00000192  00000+0  00000+0 0  9996
2 35493   0.0222  52.4188 0000659 127.7153 252.4242  1.00269519 53097
TERRESTAR-1             
1 35496U 09035A   24012.70387914 -.00000048  00000+0  00000+0 0  9993
2 35496   4.1350  46.4742 0003158 251.3593 316.2320  1.00272224 53245
ASIASAT 5               
1 35696U 09042A   24012.81761792 -.00000298  00000+0  00000+0 0  9992
2 35696   0.0316  84.1614 0001622 221.9786 200.5482  1.00268232 52788
JCSAT-12 (JCSAT-RA)     
1 35755U 09044A   24012.82388355 -.00000319  00000+0  00000+0 0  9995
2 35755   0.0370  91.2362 0000310  38.9022  50.3233  1.00272093 52724
OPTUS D3                
1 35756U 09044B   24012.82866983 -.00000138  00000+0  00000+0 0  9993
2 35756   0.0413 328.7463 0003681 338.1927 259.1771  1.00272052 52671
NIMIQ 5                 
1 35873U 09050A   24013.14124887 -.00000249  00000+0  00000+0 0  9999
2 35873   0.0282 287.6705 0002545 358.1297 164.4537  1.00272304 52462
AMAZONAS 2              
1 35942U 09054A   24012.78550653 -.00000273  00000+0  00000+0 0  9990
2 35942   0.0328 125.4203 0001355 145.9854  62.1323  1.00270737 52297
COMSATBW-1              
1 35943U 09054B   24012.88175372  .00000034  00000+0  00000+0 0  9997
2 35943   0.0190  83.7980 0002706 209.4124 199.0813  1.00270286 52417
NSS-12                  
1 36032U 09058A   24012.85882845  .00000081  00000+0  00000+0 0  9990
2 36032   0.0404 291.4262 0002552   0.0231 186.5617  1.00269654 52037
THOR 6                  
1 36033U 09058B   24013.08390087 -.00000002  00000+0  00000+0 0  9993
2 36033   0.0463 235.3395 0001708  71.4927 194.5908  1.00269665 52082
INTELSAT 14 (IS-14)     
1 36097U 09064A   24012.86025910 -.00000264  00000+0  00000+0 0  9995
2 36097   0.0113  54.9007 0002360 251.2105  70.4149  1.00269288 51719
EUTELSAT 36B            
1 36101U 09065A   24012.87635830  .00000164  00000+0  00000+0 0  9999
2 36101   0.0651  13.4022 0005229 284.5283 165.2877  1.00271699 51835
INTELSAT 15 (IS-15)     
1 36106U 09067A   24012.83104954 -.00000176  00000+0  00000+0 0  9994
2 36106   0.0184  52.3847 0002230 263.2064 180.5553  1.00269744 32342
WGS F3 (USA 211)        
1 36108U 09068A   24012.86069420 -.00000259  00000+0  00000+0 0  9990
2 36108   0.1261  94.2080 0000311 287.2356 357.4234  1.00270876 37718
DIRECTV 12              
1 36131U 09075A   24013.11903428 -.00000095  00000+0  00000+0 0  9996
2 36131   0.0253 145.1748 0001194 270.5760 356.4638  1.00270992 51504
BEIDOU-2 G1             
1 36287U 10001A   24012.89713861 -.00000273  00000+0  00000+0 0  9991
2 36287   2.2793  55.5530 0005231 284.9754 234.7530  1.00267942 51285
RADUGA-1M 2             
1 36358U 10002A   24012.88619186 -.00000175  00000+0  00000+0 0  9996
2 36358   1.3141  90.6119 0002568 181.7625 243.5148  1.00268574 41201
SDO                     
1 36395U 10005A   24011.27304223 -.00000085  00000+0  00000+0 0  9995
2 36395  32.7995 100.0728 0002751 211.4580 154.7748  1.00268623 51164
INTELSAT 16 (IS-16)     
1 36397U 10006A   24013.17978562 -.00000236  00000+0  00000+0 0  9990
2 36397   0.0246  49.4983 0002040 244.5479 166.6333  1.00269802 50832
EWS-G2 (GOES 15)        
1 36411U 10008A   24012.88149264  .00000045  00000+0  00000+0 0  9992
2 36411   0.0937 263.5074 0005661   1.5946 225.6155  1.00275833 50758
ECHOSTAR 14             
1 36499U 10010A   24013.10967219  .00000009  00000+0  00000+0 0  9995
2 36499   0.0205  51.1174 0002062 236.1068 105.4563  1.00270877 50657
SES-1                   
1 36516U 10016A   24012.84912017 -.00000105  00000+0  00000+0 0  9995
2 36516   0.0174 347.8011 0002143 298.0615  30.6533  1.00270901 50140
ASTRA 3B                
1 36581U 10021A   24013.08877416  .00000146  00000+0  00000+0 0  9997
2 36581   0.0470 353.5181 0002307 302.8275 231.1819  1.00274410 49761
COMSATBW-2              
1 36582U 10021B   24013.08668560  .00000096  00000+0  00000+0 0  9990
2 36582   0.0303  62.7937 0002512 231.2111 222.4743  1.00267191 50104
BEIDOU-2 G3             
1 36590U 10024A   24013.09991307 -.00000127  00000+0  00000+0 0  9997
2 36590   2.4589  59.2038 0007310 320.1378 208.2571  1.00268729 49895
BADR-5                  
1 36592U 10025A   24013.08929628  .00000153  00000+0  00000+0 0  9994
2 36592   0.0364 123.4308 0001014 110.2206 296.5787  1.00266625 50017
COMS 1                  
1 36744U 10032A   24012.96640873 -.00000337  00000+0  00000+0 0  9994
2 36744   2.5356  86.8120 0000723 201.6961 299.5175  1.00269367 49767
ARABSAT-5A              
1 36745U 10032B   24013.09016653  .00000162  00000+0  00000+0 0  9998
2 36745   0.0733  57.4905 0003010 245.3072 232.1924  1.00271192 49747
ECHOSTAR 15             
1 36792U 10034A   24012.85695222 -.00000272  00000+0  00000+0 0  9993
2 36792   0.0323 290.8108 0002351 329.1609  98.7112  1.00273052 49434
BEIDOU-2 IGSO-1         
1 36828U 10036A   24011.86299237 -.00000091  00000+0  00000+0 0  9990
2 36828  54.2456 170.9920 0038732 191.6102 167.6359  1.00272256 49326
NILESAT 201             
1 36830U 10037A   24012.86783007 -.00000048  00000+0  00000+0 0  9990
2 36830   0.0274 157.7150 0003639 118.7108 140.8489  1.00271753 49472
RASCOM-QAF 1R           
1 36831U 10037B   24012.86983159  .00000027  00000+0  00000+0 0  9997
2 36831   0.0645  97.5577 0006886 186.1331 144.1812  1.00271973 49407
AEHF-1 (USA 214)        
1 36868U 10039A   24012.87000563  .00000029  00000+0  00000+0 0  9991
2 36868   5.9864  79.3291 0001948 141.7523 207.9450  1.00272282 44763
XM-5                    
1 37185U 10053A   24012.70309594 -.00000013  00000+0  00000+0 0  9992
2 37185   0.0400 265.5984 0001340 257.3734  86.6273  1.00269875 48594
BSAT-3B                 
1 37207U 10056B   24013.06716262 -.00000342  00000+0  00000+0 0  9999
2 37207   0.0872 290.7930 0004887  11.7928 303.4817  1.00269577 48389
BEIDOU-2 G4             
1 37210U 10057A   24012.90105463 -.00000104  00000+0  00000+0 0  9997
2 37210   1.4740  65.8381 0007394 192.4549 338.0298  1.00271766 48408
SKYTERRA 1              
1 37218U 10061A   24012.84912017 -.00000110  00000+0  00000+0 0  9991
2 37218   3.3226  46.3564 0002572 219.9555  49.9115  1.00270531 48302
HYLAS 1                 
1 37237U 10065A   24012.90035845 -.00000137  00000+0  00000+0 0  9997
2 37237   3.3753  83.7611 0001742 216.0246 292.6411  1.00271245 48128
INTELSAT 17 (IS-17)     
1 37238U 10065B   24012.88236286  .00000007  00000+0  00000+0 0  9992
2 37238   0.0395  80.5683 0002751 234.2693 180.6599  1.00272080 44350
BEIDOU-2 IGSO-2         
1 37256U 10068A   24012.67534997 -.00000170  00000+0  00000+0 0  9994
2 37256  49.1671 282.7268 0031760 215.0068 321.5949  1.00300048 47906
EUTELSAT KA-SAT 9A      
1 37258U 10069A   24012.87104990  .00000070  00000+0  00000+0 0  9993
2 37258   0.0591 280.8924 0002448 354.1792 159.3380  1.00269266 35104
HISPASAT 30W-5          
1 37264U 10070A   24013.14977712 -.00000208  00000+0  00000+0 0  9997
2 37264   0.0187 111.3842 0002595 172.5735 212.0916  1.00271778 47781
KOREASAT 6              
1 37265U 10070B   24012.82066372 -.00000353  00000+0  00000+0 0  9994
2 37265   0.0177  74.1023 0002906 224.1120 225.0458  1.00269042 47883
BEIDOU-2 IGSO-3         
1 37384U 11013A   24013.03334066 -.00000158  00000+0  00000+0 0  9999
2 37384  61.1264  48.6207 0029114 183.4795 357.4460  1.00297704 46782
INTELSAT NEW DAWN       
1 37392U 11016A   24012.87574913  .00000165  00000+0  00000+0 0  9996
2 37392   0.0372 253.7697 0000691  78.6879 127.4654  1.00273663 44407
YAHSAT 1A               
1 37393U 11016B   24012.85882845  .00000110  00000+0  00000+0 0  9991
2 37393   0.0158  84.4129 0002531 219.9142 169.1777  1.00270474 33524
SBIRS GEO-1 (USA 230)   
1 37481U 11019A   24012.88227583  .00000004  00000+0  00000+0 0  9999
2 37481   2.7026  45.6603 0002406 243.9844 205.5242  1.00271949 46511
TELSTAR 14R             
1 37602U 11021A   24012.85669115 -.00000270  00000+0  00000+0 0  9991
2 37602   0.0500 258.0687 0002151  58.4835  40.6986  1.00270881 46946
GSAT-8                  
1 37605U 11022A   24012.85882845  .00000094  00000+0  00000+0 0  9995
2 37605   0.0666 262.4147 0008392   7.6679 205.9956  1.00272289 44335
ST-2                    
1 37606U 11022B   24012.84771388 -.00000202  00000+0  00000+0 0  9996
2 37606   0.0216  62.9931 0001586 247.2705 194.7661  1.00269266 46365
CHINASAT 10 (ZX 10)     
1 37677U 11026A   24012.89123920 -.00000343  00000+0  00000+0 0  9992
2 37677   0.0517 264.4834 0003120 301.4158 337.3032  1.00268102 46117
TIANLIAN 1-02           
1 37737U 11032A   24012.76636150 -.00000018  00000+0  00000+0 0  9995
2 37737   3.3203  73.6844 0006456 225.3842 291.5619  0.98997084 35329
SES-3                   
1 37748U 11035A   24012.84877208 -.00000092  00000+0  00000+0 0  9992
2 37748   0.0290 327.2787 0002571 327.3959  19.7092  1.00270175 45708
KAZSAT-2                
1 37749U 11035B   24012.87410396 -.00000188  00000+0  00000+0 0  9993
2 37749   0.0388 135.1728 0000783 269.2880 108.5426  1.00269595 44507
BEIDOU-2 IGSO-4         
1 37763U 11038A   24009.43591229  .00000066  00000+0  00000+0 0  9999
2 37763  54.5532 173.5941 0116672 226.4320 318.6048  1.00292143 45713
ASTRA 1N                
1 37775U 11041A   24012.87305142  .00000129  00000+0  00000+0 0  9995
2 37775   0.0592  36.0920 0003452 316.6466  92.5898  1.00271534 35645
BSAT-3C (JCSAT-110R)    
1 37776U 11041B   24012.81953243 -.00000342  00000+0  00000+0 0  9999
2 37776   0.0244 330.1465 0000201 181.8035   4.8025  1.00273608 41598
PAKSAT-1R               
1 37779U 11042A   24013.09164590  .00000162  00000+0  00000+0 0  9992
2 37779   0.0241  76.1529 0001136 178.1805 288.6523  1.00268443 45396
SES-2                   
1 37809U 11049A   24012.85190490 -.00000186  00000+0  00000+0 0  9991
2 37809   0.0284 314.0064 0002506 343.7736  33.7365  1.00271753 45076
ARABSAT-5C              
1 37810U 11049B   24013.08807796  .00000131  00000+0  00000+0 0  9992
2 37810   0.0478   8.0207 0004274 228.1382 287.5927  1.00269963 45027
EUTELSAT 7 WEST A       
1 37816U 11051A   24013.08259553 -.00000052  00000+0  00000+0 0  9996
2 37816   0.0589  13.9368 0005528 221.1473 259.3830  1.00271039 45089
QUETZSAT 1              
1 37826U 11054A   24012.85390642 -.00000232  00000+0  00000+0 0  9999
2 37826   0.0375 299.9898 0003009  18.1016  24.1331  1.00268524 40990
INTELSAT 18 (IS-18)     
1 37834U 11056A   24013.11992830  .00000061  00000+0  00000+0 0  9996
2 37834   0.0181  40.9163 0001830 261.2355  33.1111  1.00270665 44955
EUTELSAT 16A            
1 37836U 11057A   24012.87619023  .00000113  00000+0  00000+0 0  9999
2 37836   0.0652 359.7144 0005107 294.2871 149.2797  1.00269172 37086
VIASAT-1                
1 37843U 11059A   24012.63148486 -.00000013  00000+0  00000+0 0  9993
2 37843   0.0225  57.3955 0002085 232.9279 293.5133  1.00270716 38437
ASIASAT 7               
1 37933U 11069A   24013.06716262 -.00000325  00000+0  00000+0 0  9991
2 37933   0.0213  82.0758 0001322 189.1522 330.5214  1.00267562 44576
BEIDOU-2 IGSO-5         
1 37948U 11073A   24012.70205905 -.00000124  00000+0  00000+0 0  9996
2 37948  49.2965 282.4048 0094126 221.1305 315.1165  1.00286407 44246
LUCH-5A                 
1 37951U 11074B   24012.90244699 -.00000045  00000+0  00000+0 0  9998
2 37951   6.4807  87.5273 0002872 195.7918 320.2794  1.00271666 44164
NIGCOMSAT 1R            
1 38014U 11077A   24012.87766362  .00000154  00000+0  00000+0 0  9994
2 38014   0.0237 135.7295 0003060 201.5380 133.0389  1.00272348 44079
FENGYUN 2F              
1 38049U 12002A   24013.03482005 -.00000352  00000+0  00000+0 0  9990
2 38049   5.2053  74.6786 0001841  35.6066 126.4169  1.00274140 44005
WGS F4 (USA 233)        
1 38070U 12003A   24012.90327063 -.00000206  00000+0  00000+0 0  9990
2 38070   0.0162  49.0531 0000149 197.7683 278.6148  1.00270628 35253
SES-4                   
1 38087U 12007A   24013.15134352 -.00000160  00000+0  00000+0 0  9996
2 38087   0.0240  47.4669 0002469 248.0771 209.0565  1.00270842 43604
BEIDOU-2 G5             
1 38091U 12008A   24013.09573597  .00000064  00000+0  00000+0 0  9995
2 38091   2.0239  70.2772 0008926 216.7462 278.2035  1.00273171 43597
MUOS-1                  
1 38093U 12009A   24013.12061963 -.00000120  00000+0  00000+0 0  9995
2 38093   3.7667  43.0957 0053012 355.7602  16.6562  1.00270603 43575
INTELSAT 22 (IS-22)     
1 38098U 12011A   24013.09843368 -.00000050  00000+0  00000+0 0  9998
2 38098   0.0339  76.5976 0003267 217.7707 285.2414  1.00270384 43169
APSTAR 7                
1 38107U 12013A   24012.88445140 -.00000093  00000+0  00000+0 0  9990
2 38107   0.0160 101.8899 0003044 205.2866 199.6113  1.00271093 42924
YAHSAT 1B               
1 38245U 12016A   24012.85882845  .00000135  00000+0  00000+0 0  9996
2 38245   0.0216  87.6402 0002712 238.3129 142.6585  1.00270292 36711
AEHF-2 (USA 235)        
1 38254U 12019A   24013.13698476 -.00000155  00000+0  00000+0 0  9999
2 38254   4.6056  62.0535 0005091 219.8358 145.3486  1.00271727 42797
JCSAT-13                
1 38331U 12023A   24012.82231715 -.00000347  00000+0  00000+0 0  9997
2 38331   0.0154  65.2003 0001803 218.8555 247.7560  1.00267578 42656
VINASAT-2               
1 38332U 12023B   24012.89548517 -.00000320  00000+0  00000+0 0  9997
2 38332   0.0258 321.0039 0002227 344.8523 260.2289  1.00271469 37779
NIMIQ 6                 
1 38342U 12026A   24012.85112170 -.00000164  00000+0  00000+0 0  9995
2 38342   0.0150  33.4003 0002662 261.6962  32.0387  1.00269845 41530
CHINASAT 2A (ZX 2A)     
1 38352U 12028A   24012.90327063 -.00000283  00000+0  00000+0 0  9995
2 38352   0.0117 259.4807 0003432  84.2283 191.6047  1.00267567 42497
INTELSAT 19 (IS-19)     
1 38356U 12030A   24013.11714358 -.00000048  00000+0  00000+0 0  9992
2 38356   0.0178  44.9159 0002973 252.0534  23.2940  1.00271194 42626
ECHOSTAR 17             
1 38551U 12035A   24012.84781483 -.00000066  00000+0  00000+0 0  9996
2 38551   0.0178  40.2432 0001999 244.1655  25.5256  1.00270473 42173
METEOSAT-10 (MSG-3)     
1 38552U 12035B   24013.15569465  .00000000  00000+0  00000+0 0  9993
2 38552   2.6190  59.4789 0000831 233.4300 235.2809  1.00272691 42331
SES-5                   
1 38652U 12036A   24012.67896719  .00000043  00000+0  00000+0 0  9993
2 38652   0.0305 334.7771 0001726 309.2406  77.0398  1.00270784 35591
TIANLIAN 1-03           
1 38730U 12040A   24012.87540104 -.00000011  00000+0  00000+0 0  9997
2 38730   3.6679  68.6137 0015043 113.9646 275.5097  0.98922650 39848
INTELSAT 20 (IS-20)     
1 38740U 12043A   24012.88288500 -.00000015  00000+0  00000+0 0  9995
2 38740   0.0128  71.5180 0002376 112.5909 314.0707  1.00271568 41863
HYLAS 2                 
1 38741U 12043B   24012.87540104  .00000163  00000+0  00000+0 0  9999
2 38741   0.1338  91.2554 0001211 211.2131 155.5611  1.00270562 41880
INTELSAT 21 (IS-21)     
1 38749U 12045A   24013.14420764 -.00000277  00000+0  00000+0 0  9996
2 38749   0.0118  56.8278 0001808 247.4236 161.7975  1.00269496 41754
ASTRA 2F                
1 38778U 12051A   24013.08973140  .00000158  00000+0  00000+0 0  9996
2 38778   0.0749 248.3902 0003645   0.4670 283.7044  1.00271283 41409
GSAT-10                 
1 38779U 12051B   24012.88575675 -.00000156  00000+0  00000+0 0  9994
2 38779   0.0146 342.0961 0004611 289.3119 242.3375  1.00270945 41231
INTELSAT 23 (IS-23)     
1 38867U 12057A   24012.85869267 -.00000275  00000+0  00000+0 0  9990
2 38867   0.0296 136.5880 0000491 142.7380  88.6504  1.00278844 41056
BEIDOU-2 G6             
1 38953U 12059A   24012.88593080 -.00000166  00000+0  00000+0 0  9997
2 38953   2.1606  81.4963 0009532 289.5538 143.6720  1.00267871 41027
LUCH-5B                 
1 38977U 12061A   24012.86600258 -.00000131  00000+0  00000+0 0  9992
2 38977   8.5437  58.0566 0003044 176.9511 172.2853  1.00271111 40729
YAMAL 300K              
1 38978U 12061B   24012.83397821  .00000080  00000+0  00000+0 0  9991
2 38978   0.0121  61.7291 0001505 330.1624 203.1043  1.00269548 40740
STAR ONE C3             
1 38991U 12062A   24012.85434154 -.00000240  00000+0  00000+0 0  9999
2 38991   0.0159  42.4935 0001957 244.2603  57.6373  1.00272898 40863
EUTELSAT 21B            
1 38992U 12062B   24012.87357355  .00000139  00000+0  00000+0 0  9995
2 38992   0.0651 359.5617 0002648 284.2785 164.1081  1.00269259 40949
ECHOSTAR 16             
1 39008U 12065A   24012.85703924 -.00000272  00000+0  00000+0 0  9991
2 39008   0.0167  49.8801 0002186 242.1206  66.8644  1.00268722 40736
CHINASAT 12 (ZX 12)     
1 39017U 12067A   24012.84771388 -.00000198  00000+0  00000+0 0  9998
2 39017   0.0184 105.4485 0003198 186.5883 212.4536  1.00272229 40622
EUTELSAT 70B            
1 39020U 12069A   24012.81161334 -.00000034  00000+0  00000+0 0  9994
2 39020   0.0612 358.5894 0004279 267.3288 208.5400  1.00271013 40621
YAMAL 402               
1 39022U 12070A   24013.21646642  .00000094  00000+0  00000+0 0  9998
2 39022   0.0199  95.1221 0004168 196.5419 313.3473  1.00269958 40717
SKYNET 5D               
1 39034U 12075A   24012.85882845  .00000108  00000+0  00000+0 0  9998
2 39034   0.0665 354.8207 0003305 289.9973 188.9065  1.00272812 40278
MEXSAT 3                
1 39035U 12075B   24013.13289469 -.00000017  00000+0  00000+0 0  9994
2 39035   0.0162 320.5023 0001887 346.2078  98.4264  1.00270210 40594
TDRS 11                 
1 39070U 13004A   24012.83458736  .00000089  00000+0  00000+0 0  9995
2 39070   2.6969   5.9357 0003300  27.6140 204.3845  1.00276760 37801
AMAZONAS 3              
1 39078U 13006A   24013.14359848 -.00000274  00000+0  00000+0 0  9991
2 39078   0.0189 248.3685 0004068  14.6346 199.8493  1.00270008 40088
AZERSPACE 1             
1 39079U 13006B   24012.87835983  .00000142  00000+0  00000+0 0  9993
2 39079   0.0210 308.1144 0001336  22.2364 143.7045  1.00272537 39920
SBIRS GEO-2 (USA 241)   
1 39120U 13011A   24012.86173847 -.00000249  00000+0  00000+0 0  9998
2 39120   2.6985  44.0610 0002495 244.7243  95.2701  1.00271381 39647
EUTELSAT 117 WEST A     
1 39122U 13012A   24013.11121257 -.00000004  00000+0  00000+0 0  9997
2 39122   0.0197  57.5925 0002864 243.2778  94.4496  1.00269772 39587
ANIK G1                 
1 39127U 13014A   24012.84781483 -.00000064  00000+0  00000+0 0  9992
2 39127   0.0443 255.2759 0002817  31.4611  22.9917  1.00271087 39361
CHINASAT 11 (ZX 11)     
1 39157U 13020A   24012.85327116 -.00000281  00000+0  00000+0 0  9993
2 39157   0.0149 333.7069 0003309 328.1374 215.0756  1.00270485 39011
EUTELSAT 7B             
1 39163U 13022A   24012.87619023  .00000057  00000+0  00000+0 0  9995
2 39163   0.0648   2.1955 0005245 333.3147  98.7602  1.00271074 39088
WGS F5 (USA 243)        
1 39168U 13024A   24012.85877970 -.00000275  00000+0  00000+0 0  9990
2 39168   0.0250  66.3693 0000252 323.4676 338.6628  1.00267720 38270
SES-6                   
1 39172U 13026A   24012.86121633 -.00000252  00000+0  00000+0 0  9991
2 39172   0.0505 294.7556 0002171 336.6589 109.9475  1.00271298 38830
IRNSS-1A                
1 39199U 13034A   24012.73712184  .00000068  00000+0  00000+0 0  9996
2 39199  33.7238  76.7597 0021635 190.6381 164.6730  1.00272826 38472
MUOS-2                  
1 39206U 13036A   24013.12062448  .00000072  00000+0  00000+0 0  9997
2 39206   3.3736  38.0759 0055203 184.1073 116.3178  1.00270201 38411
ALPHASAT                
1 39215U 13038A   24012.87418272  .00000142  00000+0  00000+0 0  9998
2 39215   2.8655   8.8964 0001845 278.0342 164.4726  1.00270229 35132
INSAT-3D                
1 39216U 13038B   24013.10043521 -.00000147  00000+0  00000+0 0  9993
2 39216   0.0509 247.2667 0002709  32.7573 310.2771  1.00269989 38417
WGS F6 (USA 244)        
1 39222U 13041A   24012.77071264  .00000099  00000+0  00000+0 0  9996
2 39222   0.0167  50.8348 0000155 250.9082 312.2593  1.00271243 37161
ES'HAIL 1               
1 39233U 13044A   24013.08912226  .00000151  00000+0  00000+0 0  9997
2 39233   0.0477  17.4355 0002243 292.7348 219.4491  1.00272239 38019
GSAT-7                  
1 39234U 13044B   24013.09878177 -.00000068  00000+0  00000+0 0  9993
2 39234   0.0239  91.3291 0009658 183.0727 307.2181  1.00270757 38011
AMOS-4                  
1 39237U 13045A   24013.09704132  .00000016  00000+0  00000+0 0  9998
2 39237   0.0186  68.0066 0002895 238.3976 265.5909  1.00272689 38001
AEHF-3 (USA 246)        
1 39256U 13050A   24012.83824233  .00000141  00000+0  00000+0 0  9990
2 39256   3.0881  73.5532 0052999 180.3668   4.5879  1.00269577 36782
ASTRA 2E                
1 39285U 13056A   24012.87487890  .00000159  00000+0  00000+0 0  9995
2 39285   0.0655 332.6855 0002621 319.0589 163.5498  1.00271294 37555
FM-6                    
1 39360U 13058A   24012.70292189 -.00000007  00000+0  00000+0 0  9991
2 39360   0.0395  76.1870 0000487 137.2605  35.1192  1.00271905 37176
RADUGA-1M 3             
1 39375U 13062A   24012.80456450  .00000161  00000+0  00000+0 0  9996
2 39375   3.6972  83.1901 0001187  47.2826 305.9475  1.00270279 37218
SES-8                   
1 39460U 13071A   24012.73322596 -.00000259  00000+0  00000+0 0  9995
2 39460   0.0520 250.3431 0001109  96.0640 124.2493  1.00268820 35544
INMARSAT 5-F1           
1 39476U 13073A   24013.09651918  .00000036  00000+0  00000+0 0  9999
2 39476   0.0176  44.2360 0000354 309.4780 215.7069  1.00272563 37047
TKSAT-1 (TUPAC KATARI)  
1 39481U 13075A   24012.85190490 -.00000185  00000+0  00000+0 0  9999
2 39481   0.0003 145.8457 0003027 154.0818  31.3910  1.00270034 36703
EXPRESS-AM5             
1 39487U 13077A   24012.97410560 -.00000272  00000+0  00000+0 0  9990
2 39487   0.0162 314.4405 0002070  33.7618 254.4533  1.00268565 37447
GSAT-14                 
1 39498U 14001A   24012.81230953 -.00000068  00000+0  00000+0 0  9992
2 39498   0.0191  56.2641 0006733 219.6247 202.3402  1.00269803 36506
THAICOM 6               
1 39500U 14002A   24013.09973903 -.00000112  00000+0  00000+0 0  9997
2 39500   0.0501 116.2738 0000561 151.5641 318.5790  1.00272511 36638
TDRS 12                 
1 39504U 14004A   24013.14760153 -.00000258  00000+0  00000+0 0  9991
2 39504   3.5578 359.6128 0003354 240.6776 244.1233  1.00270442 36561
ABS-2                   
1 39508U 14006A   24012.81257059 -.00000077  00000+0  00000+0 0  9995
2 39508   0.0248 307.1535 0003219 333.9902 198.0863  1.00270735 36390
ATHENA-FIDUS            
1 39509U 14006B   24012.81924299  .00000163  00000+0  00000+0 0  9998
2 39509   0.0194  87.8624 0000878 223.2056 133.4639  1.00269562 36188
TURKSAT 4A              
1 39522U 14007A   24013.09242911  .00000155  00000+0  00000+0 0  9990
2 39522   0.0586 254.0712 0004792  26.4427 266.8141  1.00271334 36323
EXPRESS-AT1             
1 39612U 14010A   24012.85882845  .00000087  00000+0  00000+0 0  9997
2 39612   0.0209  54.6092 0000562 102.7833 319.6291  1.00271494 35936
EXPRESS-AT2             
1 39613U 14010B   24012.82544997 -.00000272  00000+0  00000+0 0  9995
2 39613   0.0285 289.5633 0000779   1.8241 257.4199  1.00271189 35615
AMAZONAS 4A             
1 39616U 14011A   24013.14098781 -.00000244  00000+0  00000+0 0  9999
2 39616   0.0141 193.5532 0004008  75.0594 180.2898  1.00265294 35983
ASTRA 5B                
1 39617U 14011B   24012.87392164  .00000146  00000+0  00000+0 0  9991
2 39617   0.0655 309.8083 0004380 342.9389 157.1880  1.00271647 35789
IRNSS-1B                
1 39635U 14017A   24011.73441523  .00000146  00000+0  00000+0 0  9995
2 39635  28.8685 255.4764 0017368 179.3516 355.4242  1.00276987 35895
LUCH-5V                 
1 39727U 14023A   24012.81648663 -.00000261  00000+0  00000+0 0  9997
2 39727   2.9067  76.8604 0003769 225.0349 198.5365  1.00268495 35476
KAZSAT-3                
1 39728U 14023B   24012.85882845  .00000070  00000+0  00000+0 0  9991
2 39728   0.0173 298.0145 0000651 359.9195 181.5816  1.00270720 33560
EUTELSAT 3B             
1 39773U 14030A   24012.86983159  .00000029  00000+0  00000+0 0  9994
2 39773   0.0600 359.0998 0004946 236.8677 192.1112  1.00269808 35180
ASIASAT 8 (AMOS-7)      
1 40107U 14046A   24012.86843921 -.00000024  00000+0  00000+0 0  9992
2 40107   0.0196  83.1392 0001714 214.7023 122.7549  1.00271719 93255
ASIASAT 6               
1 40141U 14052A   24012.82144692 -.00000353  00000+0  00000+0 0  9997
2 40141   0.0453 252.6697 0000302  56.2472 218.5036  1.00272302 34180
OPTUS 10                
1 40146U 14054A   24012.90027142 -.00000139  00000+0  00000+0 0  9995
2 40146   0.0193 121.2253 0002825 144.5076 326.2153  1.00268699 34235
MEASAT-3B               
1 40147U 14054B   24012.84771388 -.00000233  00000+0  00000+0 0  9992
2 40147   0.0338 337.8862 0002205   7.6262 162.9813  1.00274441 34034
LUCH (OLYMP-K 1)        
1 40258U 14058A   24012.86565449 -.00000132  00000+0  00000+0 0  9998
2 40258   0.0381 110.2838 0000819 191.0257 104.0841  1.00269681 32106
HIMAWARI-8              
1 40267U 14060A   24012.82562402 -.00000267  00000+0  00000+0 0  9992
2 40267   0.0453 224.6605 0000657  70.2875 254.7278  1.00270491 33875
IRNSS-1C                
1 40269U 14061A   24012.81413701 -.00000155  00000+0  00000+0 0  9997
2 40269   4.2838 108.9127 0017399   3.5094  15.4432  1.00268958 33808
INTELSAT 30 (IS-30)     
1 40271U 14062A   24011.41793515 -.00000135  00000+0  00000+0 0  9998
2 40271   0.0099  34.1611 0001121 350.0696 141.5778  1.00269622 33696
ARSAT 1                 
1 40272U 14062B   24012.85495069 -.00000250  00000+0  00000+0 0  9999
2 40272   0.0402 302.4675 0001613 335.3469  69.9881  1.00272823 33725
EXPRESS-AM6             
1 40277U 14064A   24012.85882845  .00000107  00000+0  00000+0 0  9998
2 40277   0.0250 290.5731 0000582  51.9345 131.4950  1.00271188 32699
GSAT-16                 
1 40332U 14078A   24012.85882845  .00000094  00000+0  00000+0 0  9990
2 40332   0.1068 268.0236 0002503 200.2213   7.8381  1.00272426 33227
DIRECTV 14              
1 40333U 14078B   24012.69395288 -.00000115  00000+0  00000+0 0  9998
2 40333   0.0384 285.1948 0000408 216.7527 120.3111  1.00268879 33173
YAMAL 401               
1 40345U 14082A   24013.20465924 -.00000221  00000+0  00000+0 0  9997
2 40345   0.0175  75.6243 0000585 324.6014 235.5654  1.00275606 33526
ASTRA 2G                
1 40364U 14089A   24013.08973140  .00000158  00000+0  00000+0 0  9993
2 40364   0.0392  15.7681 0002672 358.8190 157.9589  1.00271549 33135
FENGYUN 2G              
1 40367U 14090A   24012.81744387 -.00000297  00000+0  00000+0 0  9992
2 40367   3.3892  83.3471 0000968  16.9716  45.5782  1.00271539 33113
MUOS-3                  
1 40374U 15002A   24013.08085507 -.00000121  00000+0  00000+0 0  9992
2 40374   3.0260  31.6741 0057227 183.8632 270.1288  1.00272669 32935
INMARSAT 5-F2           
1 40384U 15005A   24012.85825756 -.00000276  00000+0  00000+0 0  9999
2 40384   0.0176  43.3020 0000204   3.0329 319.4459  1.00270633 32103
ABS-3A                  
1 40424U 15010A   24012.86861326 -.00000018  00000+0  00000+0 0  9998
2 40424   0.0104  42.5712 0001554 144.7967 234.2055  1.00269287 32488
EUTELSAT 115 WEST B     
1 40425U 15010B   24012.70318296 -.00000015  00000+0  00000+0 0  9992
2 40425   0.0058 165.5400 0000054 194.3847 249.9837  1.00270659 32508
EXPRESS-AM7             
1 40505U 15012A   24012.81872216  .00000160  00000+0  00000+0 0  9992
2 40505   0.0215  47.3239 0002374 226.3530 172.8768  1.00267590 32126
IRNSS-1D                
1 40547U 15018A   24012.57001880 -.00000247  00000+0  00000+0 0  9995
2 40547  27.8049 255.4076 0018609 179.4105 353.7744  1.00268433 32096
BEIDOU-3S IGSO-1S       
1 40549U 15019A   24012.73862230 -.00000173  00000+0  00000+0 0  9998
2 40549  50.8636 306.0389 0035403 195.2788 331.5812  1.00283253 32187
THOR 7                  
1 40613U 15022A   24013.08398789  .00000000  00000+0  00000+0 0  9994
2 40613   0.0211 101.2467 0002469 193.9098 206.4711  1.00271256 31921
TURKMENALEM52E/MONACOSAT
1 40617U 15023A   24012.85882845  .00000113  00000+0  00000+0 0  9999
2 40617   0.0152  76.8870 0002533 210.6514 185.5008  1.00268866 31969
DIRECTV 15              
1 40663U 15026A   24012.63392149 -.00000093  00000+0  00000+0 0  9990
2 40663   0.0154  57.8285 0000356 122.6165  56.5060  1.00274056 31587
SKY MEXICO-1            
1 40664U 15026B   24012.85355833 -.00000225  00000+0  00000+0 0  9991
2 40664   0.0148  49.2284 0002068 253.0925  38.0372  1.00270090 31563
METEOSAT-11 (MSG-4)     
1 40732U 15034A   24013.08598942  .00000070  00000+0  00000+0 0  9999
2 40732   1.0172  63.4209 0002680 199.2476 249.7872  1.00265011 31129
STAR ONE C4             
1 40733U 15034B   24012.56882846 -.00000255  00000+0  00000+0 0  9997
2 40733   0.0388 316.1012 0002588   8.8526 281.3781  1.00270088 31127
WGS F7 (USA 263)        
1 40746U 15036A   24012.83241179  .00000027  00000+0  00000+0 0  9997
2 40746   0.0114  44.8320 0000048 125.2389  56.4201  1.00271574 30987
INTELSAT 34 (IS-34)     
1 40874U 15039A   24012.78655080 -.00000276  00000+0  00000+0 0  9993
2 40874   0.0146  20.5935 0000117 235.1985  83.6374  1.00271014 30732
EUTELSAT 8 WEST B       
1 40875U 15039B   24012.86765601 -.00000057  00000+0  00000+0 0  9991
2 40875   0.0631   0.2598 0004018 301.4555 114.4536  1.00271934 30752
GSAT-6                  
1 40880U 15041A   24013.10052223 -.00000152  00000+0  00000+0 0  9993
2 40880   0.1312 268.9683 0003197   2.8185 319.0147  1.00270890 30718
INMARSAT 5-F3           
1 40882U 15042A   24013.04813453  .00000059  00000+0  00000+0 0  9994
2 40882   0.0180  45.9141 0000479 340.3665 282.6708  1.00272623 30665
MUOS-4                  
1 40887U 15044A   24012.81265762 -.00000085  00000+0  00000+0 0  9999
2 40887   2.9111  28.0942 0054681 356.1331  95.1450  1.00271067 30678
TJS-1                   
1 40892U 15046A   24013.17132814 -.00000148  00000+0  00000+0 0  9998
2 40892   0.0101  99.1254 0001962 230.6242 359.0517  1.00272187 30678
EXPRESS-AM8             
1 40895U 15048A   24012.72319819 -.00000102  00000+0  00000+0 0  9995
2 40895   0.0190  45.7436 0000369 114.0006 198.3158  1.00270080 30452
BEIDOU-3S IGSO-2S       
1 40938U 15053A   24012.69354993 -.00000079  00000+0  00000+0 0  9990
2 40938  50.6020 269.2330 0045899 192.2757 352.9304  1.00253431 30460
SKY MUSTER 1 (NBN1A)    
1 40940U 15054A   24012.82553699 -.00000270  00000+0  00000+0 0  9996
2 40940   0.0161 354.9022 0001522 296.0850 258.2540  1.00271001 30373
ARSAT 2                 
1 40941U 15054B   24012.85312322 -.00000215  00000+0  00000+0 0  9995
2 40941   0.0380 301.5221 0001739 337.5048  58.9180  1.00271007 30423
MORELOS 3               
1 40946U 15056A   24012.84677056 -.00000030  00000+0  00000+0 0  9994
2 40946   3.1117 347.5668 0002457 354.8412 321.1416  1.00271371 30397
APSTAR 9                
1 40982U 15059A   24012.82588508 -.00000257  00000+0  00000+0 0  9999
2 40982   0.0444 253.9435 0002765 345.2565 311.9012  1.00273126 30235
TURKSAT 4B              
1 40984U 15060A   24012.85848123  .00000124  00000+0  00000+0 0  9990
2 40984   0.0245  56.4477 0002021 240.6211 173.8045  1.00269338 30218
CHINASAT 2C (ZX 2C)     
1 41021U 15063A   24013.10469933 -.00000315  00000+0  00000+0 0  9996
2 41021   0.0127 227.2281 0003296 165.7551 220.2290  1.00268646 30120
GSAT-15                 
1 41028U 15065A   24013.10269781 -.00000249  00000+0  00000+0 0  9990
2 41028   0.1117 268.0594 0001838 328.0234   6.4410  1.00269748 29972
BADR-7 (ARABSAT-6B)     
1 41029U 15065B   24013.08929628  .00000153  00000+0  00000+0 0  9994
2 41029   0.0458 215.3810 0004943  36.8422 277.9677  1.00272503 30020
LAOSAT 1                
1 41034U 15067A   24012.96640873 -.00000334  00000+0  00000+0 0  9992
2 41034   0.0312 218.1381 0002574  33.1553 337.0621  1.00272767 29951
TELSTAR 12V             
1 41036U 15068A   24013.08111615 -.00000111  00000+0  00000+0 0  9999
2 41036   0.0187  46.6631 0002347 250.5396 189.0582  1.00269948 29849
ELEKTRO-L 2             
1 41105U 15074A   24012.86635067 -.00000110  00000+0  00000+0 0  9999
2 41105   4.4421  81.3561 0003258 193.5301 134.3886  1.00271020 29616
COSMOS 2513             
1 41121U 15075A   24012.83104954 -.00000129  00000+0  00000+0 0  9991
2 41121   0.0650 108.8529 0002668 188.1118 194.2529  1.00269340 29643
EXPRESS-AMU1            
1 41191U 15082A   24013.09129781  .00000164  00000+0  00000+0 0  9998
2 41191   0.0152  52.0223 0002239 233.0676 255.9201  1.00271272 29628
GAOFEN-4                
1 41194U 15083A   24012.81866219 -.00000326  00000+0  00000+0 0  9996
2 41194   0.1251  85.2782 0001994 139.4532 287.4978  1.00271011 29641
BELINTERSAT-1           
1 41238U 16001A   24012.87949111  .00000116  00000+0  00000+0 0  9991
2 41238   0.0334 269.0362 0002247 331.7332 239.1965  1.00270342 29358
IRNSS-1E                
1 41241U 16003A   24012.64816567 -.00000306  00000+0  00000+0 0  9992
2 41241  31.2750  75.8300 0021980 188.9296 192.0038  1.00277309 29315
EUTELSAT 9B             
1 41310U 16005A   24013.08590240  .00000070  00000+0  00000+0 0  9994
2 41310   0.0247  49.3722 0004761 225.2226 237.3834  1.00269363 29225
SES-9                   
1 41380U 16013A   24012.81918434 -.00000336  00000+0  00000+0 0  9995
2 41380   0.0396 285.4648 0000698 107.9475 121.5795  1.00270287 28556
EUTELSAT 65 WEST A      
1 41382U 16014A   24012.85625604 -.00000267  00000+0  00000+0 0  9999
2 41382   0.0566 335.8880 0002069 315.0583  63.9435  1.00269813 28655
IRNSS-1F                
1 41384U 16015A   24012.87574913  .00000165  00000+0  00000+0 0  9996
2 41384   3.2139 123.9612 0021518 183.7624 151.9718  1.00263484 28776
BEIDOU-2 IGSO-6         
1 41434U 16021A   24007.06785706 -.00000137  00000+0  00000+0 0  9998
2 41434  58.9308  46.9932 0050003 224.7399 312.7488  1.00258973 28534
IRNSS-1G                
1 41469U 16027A   24012.96666979 -.00000329  00000+0  00000+0 0  9990
2 41469   3.0986 125.3629 0003484 258.2868 205.7636  1.00265902 28282
JCSAT-2B                
1 41471U 16028A   24012.82797365 -.00000157  00000+0  00000+0 0  9992
2 41471   0.0169  43.2131 0000803 245.8565 274.7902  1.00269301 28233
THAICOM 8               
1 41552U 16031A   24012.83104954 -.00000113  00000+0  00000+0 0  9995
2 41552   0.0604  49.9955 0003276 276.9783 162.5198  1.00272317 27835
INTELSAT 31 (IS-31)     
1 41581U 16035A   24013.13681071 -.00000143  00000+0  00000+0 0  9998
2 41581   0.0147  82.4213 0001898  94.7982 249.0767  1.00271871 27807
BEIDOU-2 G7             
1 41586U 16037A   24012.81961944 -.00000346  00000+0  00000+0 0  9994
2 41586   1.5328  67.1038 0009164 317.2769 132.9815  1.00275941 27901
ABS-2A (MONGOLSAT-1)    
1 41588U 16038A   24012.95570492 -.00000076  00000+0  00000+0 0  9996
2 41588   0.0123  40.7854 0001291 208.1951 281.7217  1.00273275 27803
EUTELSAT 117 WEST B     
1 41589U 16038B   24012.70274785 -.00000002  00000+0  00000+0 0  9995
2 41589   0.0102 165.6965 0000127 131.9590 310.0220  1.00272384 27776
BRISAT                  
1 41591U 16039A   24012.67688304 -.00000187  00000+0  00000+0 0  9995
2 41591   0.0170  18.3545 0001869 273.2064 214.2804  1.00269900 27720
ECHOSTAR 18             
1 41592U 16039B   24013.14351146 -.00000274  00000+0  00000+0 0  9997
2 41592   0.0180  45.3631 0001274 243.9893 173.0693  1.00271935 27732
MUOS-5                  
1 41622U 16041A   24013.11653528 -.00000100  00000+0  00000+0 0  9998
2 41622   4.2517 297.3932 0194966 250.8860 220.8024  1.00271254 28184
TIANTONG-1 1            
1 41725U 16048A   24012.85327116 -.00000310  00000+0  00000+0 0  9993
2 41725   2.4612  24.0870 0007501 306.8496 189.4306  1.00275421 27389
JCSAT-16                
1 41729U 16050A   24012.82623317 -.00000243  00000+0  00000+0 0  9994
2 41729   0.0261  58.3166 0001318   7.0046 127.8551  1.00268816 27182
USA 270                 
1 41744U 16052A   24011.38338712 -.00000256  00000+0  00000+0 0  9999
2 41744   1.9094  88.5711 0000635  32.1468 219.0063  1.00428738 19221
USA 271                 
1 41745U 16052B   24011.15312593  .00000095  00000+0  00000+0 0  9994
2 41745   1.8820  88.5494 0003539 203.2055 247.3721  1.00198711 19023
INTELSAT 36 (IS-36)     
1 41747U 16053A   24012.81126525 -.00000015  00000+0  00000+0 0  9992
2 41747   0.0099  29.5440 0001661 356.8040  85.9794  1.00271183 27067
INTELSAT 33E (IS-33E)   
1 41748U 16053B   24012.80952479  .00000058  00000+0  00000+0 0  9993
2 41748   0.0203  44.6766 0001717 239.6887 178.8446  1.00270033 27365
INSAT-3DR               
1 41752U 16054A   24013.09878177 -.00000068  00000+0  00000+0 0  9995
2 41752   0.0812  94.0671 0013913 179.4712 308.0908  1.00270839 26913
GSAT-18                 
1 41793U 16060A   24013.09886880 -.00000069  00000+0  00000+0 0  9998
2 41793   0.0564  93.8052 0002437 160.1570 327.6970  1.00271183 26649
SKY MUSTER 2 (NBN1B)    
1 41794U 16060B   24012.82640722 -.00000235  00000+0  00000+0 0  9997
2 41794   0.0167 359.3593 0001427 289.2014 265.5296  1.00272359 26639
HIMAWARI-9              
1 41836U 16064A   24012.89722562 -.00000266  00000+0  00000+0 0  9992
2 41836   0.0244  74.3710 0000624 229.7213 271.5660  1.00268509 26314
SHIJIAN-17 (SJ-17)      
1 41838U 16065A   24012.83093241 -.00000040  00000+0  00000+0 0  9994
2 41838   3.4861  83.2485 0003675 279.5764 215.3220  1.00271429 26323
GOES 16                 
1 41866U 16071A   24012.85425451 -.00000239  00000+0  00000+0 0  9996
2 41866   0.0776 249.4030 0001048  84.8702   9.8714  1.00269807 26214
TIANLIAN 1-04           
1 41869U 16072A   24012.83284691  .00000040  00000+0  00000+0 0  9996
2 41869   0.0518  89.6826 0024801  64.2628  74.5055  1.00273794 26429
WGS F8 (USA 272)        
1 41879U 16075A   24013.05257575 -.00000194  00000+0  00000+0 0  9997
2 41879   0.0150  47.9905 0000098 234.7963 357.9734  1.00270054 26030
FENGYUN 4A              
1 41882U 16077A   24012.81840112 -.00000321  00000+0  00000+0 0  9993
2 41882   0.0679  54.5412 0005345 353.3790 102.9938  1.00276118 26045
ECHOSTAR 19             
1 41893U 16079A   24012.84990338 -.00000129  00000+0  00000+0 0  9992
2 41893   0.0153  58.9504 0001133 234.9762  26.7664  1.00270029 25827
JCSAT-110A (JCSAT-15)   
1 41903U 16082A   24012.31822892 -.00000340  00000+0  00000+0 0  9994
2 41903   0.0186  32.5880 0001162 260.2700  43.0640  1.00269498 25864
STAR ONE D1             
1 41904U 16082B   24013.13020015 -.00000202  00000+0  00000+0 0  9990
2 41904   0.0427 278.5627 0002333  19.7918 136.6046  1.00269019 25906
TJS-2                   
1 41911U 17001A   24013.09730240  .00000003  00000+0  00000+0 0  9991
2 41911   0.1747  75.8002 0003121 227.5241 270.2752  1.00268645 25834
SBIRS GEO-4 (USA 273)   
1 41937U 17004A   24012.84999039 -.00000132  00000+0  00000+0 0  9991
2 41937   1.4893 345.7196 0002240 303.1147  32.1876  1.00270681 25710
HISPASAT 36W-1          
1 41942U 17006A   24012.79046682 -.00000235  00000+0  00000+0 0  9994
2 41942   0.0120  63.0829 0001110 223.3150  73.9446  1.00267581 25338
TELKOM 3S               
1 41944U 17007A   24012.82109883 -.00000354  00000+0  00000+0 0  9996
2 41944   0.0134  50.7138 0002086 239.4214 235.2623  1.00271969 25259
INTELSAT 32E (IS-32E)   
1 41945U 17007B   24012.78907446 -.00000259  00000+0  00000+0 0  9997
2 41945   0.0153  58.0477 0000494  89.4718 205.1277  1.00270880 25332
ECHOSTAR 23             
1 42070U 17014A   24012.50396414 -.00000047  00000+0  00000+0 0  9997
2 42070   0.0175  42.6328 0002113 242.6648 257.7187  1.00272162 25030
WGS F9 (USA 275)        
1 42075U 17016A   24013.15334503 -.00000088  00000+0  00000+0 0  9992
2 42075   0.0120  66.5554 0000440 328.6957 120.1036  1.00270254 25047
SES-10                  
1 42432U 17017A   24012.85590795 -.00000264  00000+0  00000+0 0  9999
2 42432   0.0153  46.8749 0002400 244.4761  61.7096  1.00271920 24836
CHINASAT 16 (SJ-13)     
1 42662U 17018A   24012.74544529 -.00000343  00000+0  00000+0 0  9995
2 42662   0.0591  89.7416 0005466 198.5462 202.3361  1.00270788 24846
KOREASAT 7              
1 42691U 17023A   24012.82066372 -.00000353  00000+0  00000+0 0  9998
2 42691   0.0321 335.1907 0000845 261.1277 286.8069  1.00273207 24491
SGDC                    
1 42692U 17023B   24012.89706298 -.00000241  00000+0  00000+0 0  9990
2 42692   0.0125  58.5873 0002369 245.1214  56.2545  1.00271929 24563
GSAT-9                  
1 42695U 17024A   24013.03186128 -.00000278  00000+0  00000+0 0  9995
2 42695   0.1221 269.9431 0002274  14.0311 296.8055  1.00272566 24542
INMARSAT 5-F4           
1 42698U 17025A   24012.85882845  .00000084  00000+0  00000+0 0  9991
2 42698   0.0179  48.4643 0000083   3.9602  65.0937  1.00270193 24377
SES-15                  
1 42709U 17026A   24012.70031120  .00000070  00000+0  00000+0 0  9996
2 42709   0.0198  34.3434 0000095 283.5282 276.7544  1.00268432 25252
QZS-2 (MICHIBIKI-2)     
1 42738U 17028A   24012.97093391 -.00000099  00000+0  00000+0 0  9999
2 42738  40.8255 255.9947 0754132 269.7556  77.4305  1.00277627 24243
VIASAT-2                
1 42740U 17029A   24013.14177101 -.00000257  00000+0  00000+0 0  9991
2 42740   0.0313 275.5904 0001023 112.9455  64.6863  1.00269805 24292
EUTELSAT 172B           
1 42741U 17029B   24012.83188965  .00000003  00000+0  00000+0 0  9995
2 42741   0.0721 155.3810 0000180 318.4140 109.4874  1.00271760 24848
GSAT-19                 
1 42747U 17031A   24012.87879493  .00000134  00000+0  00000+0 0  9996
2 42747   0.0540  99.3401 0001122 241.3727 135.3759  1.00267725 24259
ECHOSTAR 21             
1 42749U 17032A   24013.08616347  .00000077  00000+0  00000+0 0  9996
2 42749   2.8176 316.6237 0002143 334.2041 222.5006  1.00271968 24239
BULGARIASAT-1           
1 42801U 17038A   24012.86965753  .00000020  00000+0  00000+0 0  9992
2 42801   0.0158  47.6578 0002694 241.9771 137.1871  1.00270148 23949
HELLAS-SAT 3            
1 42814U 17040A   24012.87696744  .00000161  00000+0  00000+0 0  9997
2 42814   0.0571 352.4044 0003264 341.0021 133.1422  1.00268770 23925
GSAT-17                 
1 42815U 17040B   24013.10269781 -.00000250  00000+0  00000+0 0  9992
2 42815   0.0572 259.1085 0005825   5.9609 337.4626  1.00273344 23982
INTELSAT 35E (IS-35E)   
1 42818U 17041A   24013.14881986 -.00000230  00000+0  00000+0 0  9995
2 42818   0.0183  58.0382 0001821 247.4827 185.6728  1.00269446 23924
COSMOS 2520             
1 42907U 17046A   24012.85813166  .00000146  00000+0  00000+0 0  9996
2 42907   0.0366 107.7676 0001019 182.7787 175.1852  1.00268630 23510
TDRS 13                 
1 42915U 17047A   24012.79910271 -.00000087  00000+0  00000+0 0  9999
2 42915   3.7761 341.4908 0012210 115.1408 291.2787  1.00271291 23466
QZS-3 (MICHIBIKI-3)     
1 42917U 17048A   24012.82292631 -.00000339  00000+0  00000+0 0  9999
2 42917   0.0742 223.9385 0002386  75.2282 235.9133  1.00273453 23371
AMAZONAS 5              
1 42934U 17053A   24012.57065594 -.00000272  00000+0  00000+0 0  9998
2 42934   0.0345 331.2701 0005294 332.3044 312.4055  1.00270685 23231
ASIASAT 9               
1 42942U 17057A   24012.96519041 -.00000351  00000+0  00000+0 0  9993
2 42942   0.0112  28.3703 0002429 262.0485 291.0820  1.00271077 23051
INTELSAT 37E (IS-37E)   
1 42950U 17059A   24012.84152980 -.00000132  00000+0  00000+0 0  9993
2 42950   0.0175  48.0837 0002532 239.7281 108.9606  1.00270782 23179
BSAT-4A                 
1 42951U 17059B   24012.81944539 -.00000341  00000+0  00000+0 0  9992
2 42951   0.0456  55.0262 0003023 303.9145 157.6942  1.00270315 23065
QZS-4 (MICHIBIKI-4)     
1 42965U 17062A   24012.82301333 -.00000313  00000+0  00000+0 0  9990
2 42965  40.5827 354.7758 0751466 268.5635 281.0859  1.00297905 22928
SES-11 (ECHOSTAR 105)   
1 42967U 17063A   24013.11826326 -.00000081  00000+0  00000+0 0  9992
2 42967   0.0093  48.6875 0002779 243.0677 117.9555  1.00270779 22925
KOREASAT 5A             
1 42984U 17067A   24013.06716262 -.00000350  00000+0  00000+0 0  9995
2 42984   0.0173  63.2635 0001418 212.7835 333.3157  1.00273165 22742
ALCOMSAT 1              
1 43039U 17078A   24012.86434914 -.00000177  00000+0  00000+0 0  9994
2 43039   0.0357 138.9843 0003154 141.1668 118.0585  1.00272136 22400
SBIRS GEO-3 (USA 282)   
1 43162U 18009A   24012.83754615  .00000141  00000+0  00000+0 0  9996
2 43162   2.5594 330.1814 0001568 320.6551 323.0962  1.00271318 21950
AL YAH 3                
1 43174U 18012A   24012.86521937 -.00000146  00000+0  00000+0 0  9991
2 43174   0.0324 276.7286 0002127  37.2687  89.2172  1.00269820 21957
SES-14                  
1 43175U 18012B   24012.85982397 -.00000269  00000+0  00000+0 0  9998
2 43175   0.0109   7.4862 0000807 277.1600  89.2253  1.00271214 22176
GOES 17                 
1 43226U 18022A   24012.93070825 -.00000082  00000+0  00000+0 0  9992
2 43226   0.0070 100.8012 0001530 169.4980  71.9884  1.00270826 21538
HISPASAT 30W-6          
1 43228U 18023A   24012.47764057 -.00000205  00000+0  00000+0 0  9998
2 43228   0.0400  42.0463 0003681 275.8974 295.4744  1.00270701 21549
SUPERBIRD-B3            
1 43271U 18033A   24013.11636038 -.00000085  00000+0  00000+0 0  9992
2 43271   0.0242  73.3063 0001017 197.7399  44.9318  1.00269062 21157
HYLAS 4                 
1 43272U 18033B   24013.07746118 -.00000225  00000+0  00000+0 0  9995
2 43272   0.0733 264.1287 0001363  49.4605 152.8409  1.00270293 21189
IRNSS-1I                
1 43286U 18035A   24010.80306900  .00000077  00000+0  00000+0 0  9995
2 43286  28.7416  88.1512 0021371 184.8669 180.9652  1.00270022 21170
USA 283                 
1 43339U 18036A   24011.53913304 -.00000303  00000+0  00000+0 0  9991
2 43339   0.0123  96.3328 0000415 276.0058  66.3698  1.00269818 16379
COSMOS 2526             
1 43432U 18037A   24013.03795287 -.00000336  00000+0  00000+0 0  9997
2 43432   0.0336 107.9559 0001030 182.4055 323.3444  1.00272769 21072
APSTAR 6C               
1 43450U 18041A   24012.89592029 -.00000309  00000+0  00000+0 0  9994
2 43450   0.0443 259.2529 0002334   1.8198 307.3378  1.00270320 20932
BANGABANDHUSAT-1        
1 43463U 18044A   24012.89297964 -.00000354  00000+0  00000+0 0  9991
2 43463   0.0204  92.2373 0002434 210.4497 249.7512  1.00270931 20829
SES-12                  
1 43488U 18049A   24012.90327063 -.00000260  00000+0  00000+0 0  9995
2 43488   0.0129  28.0265 0002335 246.1200 257.9032  1.00269154 20538
FENGYUN 2H              
1 43491U 18050A   24012.88506057 -.00000122  00000+0  00000+0 0  9997
2 43491   0.7379  88.3288 0000793   3.7454  57.8105  1.00271668 20557
BEIDOU-2 IGSO-7         
1 43539U 18057A   24010.86206958 -.00000075  00000+0  00000+0 0  9997
2 43539  55.1290 170.7303 0064938 228.9651 129.2611  1.00244014 20237
TELSTAR 19V             
1 43562U 18059A   24012.95471630 -.00000271  00000+0  00000+0 0  9996
2 43562   0.0298 157.9877 0000751  36.9323 197.6895  1.00269850 20259
TELKOM 4 (MERAH PUTIH)  
1 43587U 18064A   24012.81909730 -.00000335  00000+0  00000+0 0  9992
2 43587   0.0110  57.3753 0001040 246.4489 210.8337  1.00271577 19995
TELSTAR 18V (APSTAR 5C) 
1 43611U 18069A   24012.64049552 -.00000284  00000+0  00000+0 0  9996
2 43611   0.0179  43.1389 0001674 250.7820 186.2681  1.00269894 19735
AZERSPACE 2 (IS-38)     
1 43632U 18074A   24012.85813166  .00000146  00000+0  00000+0 0  9994
2 43632   0.0177  45.4710 0001209 249.8644 170.5236  1.00269547 19553
HORIZONS-3E             
1 43633U 18074B   24013.11775274 -.00000023  00000+0  00000+0 0  9997
2 43633   0.0052 232.6490 0000664  53.6710  37.1772  1.00269589 19436
AEHF-4 (USA 288)        
1 43651U 18079A   24012.85582093 -.00000263  00000+0  00000+0 0  9993
2 43651   1.8952 325.3196 0004130 327.9803  58.9743  1.00276714 19414
BEIDOU-3 G1             
1 43683U 18085A   24012.82544997 -.00000270  00000+0  00000+0 0  9991
2 43683   1.8156 116.6101 0002068 335.5556  96.7241  1.00276311 19179
GSAT-29                 
1 43698U 18089A   24012.85882845  .00000094  00000+0  00000+0 0  9994
2 43698   0.0573  92.0114 0003339 174.9492 209.0937  1.00272244 18908
ES'HAIL 2               
1 43700U 18090A   24013.08920926  .00000152  00000+0  00000+0 0  9994
2 43700   0.0216  53.8770 0002313 285.8747 190.2344  1.00268580 19031
GEO-KOMPSAT-2A          
1 43823U 18100A   24012.82310035 -.00000335  00000+0  00000+0 0  9991
2 43823   0.0372 150.4931 0000607 271.7418 114.1326  1.00270770 18742
GSAT-11                 
1 43824U 18100B   24013.09886880 -.00000069  00000+0  00000+0 0  9992
2 43824   0.0461 252.9855 0001281 156.0128 172.6536  1.00272172 18747
GSAT-7A                 
1 43864U 18105A   24013.09660620  .00000035  00000+0  00000+0 0  9995
2 43864   0.1129 268.3018 0002156 356.2351 305.0916  1.00270988 18566
COSMOS 2533             
1 43867U 18107A   24012.81152632 -.00000029  00000+0  00000+0 0  9992
2 43867   0.0365 112.0587 0000813 159.2354 202.6389  1.00270191 18548
TJS-3                   
1 43874U 18110A   24012.83206370  .00000011  00000+0  00000+0 0  9995
2 43874   0.2491  88.7045 0004238 169.2827 326.3211  1.00271348 18539
CHINASAT 2D (ZX 2D)     
1 43920U 19001A   24013.18145340 -.00000329  00000+0  00000+0 0  9998
2 43920   0.0374 135.0487 0001866 122.1056  50.3395  1.00269807 18467
HELLAS-SAT 4 & SGS-1    
1 44034U 19007A   24013.01021826  .00000161  00000+0  00000+0 0  9998
2 44034   0.0711 124.1301 0003473  46.5478 343.9979  1.00275371 18468
GSAT-31                 
1 44035U 19007B   24012.87879493  .00000134  00000+0  00000+0 0  9993
2 44035   0.0531 246.8037 0006069  30.9454 198.3440  1.00269979 18093
NUSANTARA SATU          
1 44048U 19009A   24013.05257575 -.00000226  00000+0  00000+0 0  9994
2 44048   0.0309 113.8258 0001265  46.1611 116.9670  1.00270108 17877
CHINASAT 6C (ZX 6C)     
1 44067U 19012A   24013.03847500 -.00000327  00000+0  00000+0 0  9992
2 44067   0.0614  91.2974 0005223 104.7674  60.2192  1.00272050 17844
WGS 10 (USA 291)        
1 44071U 19014A   24013.09608406  .00000055  00000+0  00000+0 0  9992
2 44071   0.0163  41.3954 0000114   3.5183 162.0511  1.00271739 17723
TIANLIAN 2-01           
1 44076U 19017A   24013.09939094 -.00000098  00000+0  00000+0 0  9998
2 44076   0.1312 259.1886 0003032  64.6365 261.0584  1.00271304 17728
ARABSAT-6A              
1 44186U 19021A   24013.09016653  .00000162  00000+0  00000+0 0  9993
2 44186   0.0413  36.5596 0005679 250.8848 247.5564  1.00271223 17266
BEIDOU-3 IGSO-1         
1 44204U 19023A   23359.85561811 -.00000224  00000+0  00000+0 0  9993
2 44204  57.3835  47.0551 0023834 204.1671 266.3544  1.00248909 17270
BEIDOU-2 G8             
1 44231U 19027A   24012.89800883 -.00000240  00000+0  00000+0 0  9991
2 44231   1.5626  72.5321 0004075 177.5959 329.5781  1.00269182 17197
YAMAL 601               
1 44307U 19031A   24013.09382147  .00000128  00000+0  00000+0 0  9995
2 44307   0.0159  87.8880 0002365 209.5117 257.4424  1.00272011 17027
AT&T T-16               
1 44333U 19034A   24012.84920719 -.00000106  00000+0  00000+0 0  9999
2 44333   0.0249  58.9630 0000805  85.0643 172.6632  1.00270825 16744
EUTELSAT 7C             
1 44334U 19034B   24013.08546728  .00000056  00000+0  00000+0 0  9994
2 44334   0.0697 199.5535 0003189  81.0148 229.2329  1.00271579 17247
BEIDOU-3 IGSO-2         
1 44337U 19035A   24012.82127287 -.00000110  00000+0  00000+0 0  9996
2 44337  55.1677 166.6412 0031408 200.2612 158.8869  1.00289330 16771
COSMOS 2539             
1 44457U 19048A   24013.08651155  .00000088  00000+0  00000+0 0  9991
2 44457   0.0327 107.6475 0000791 178.4279 229.1126  1.00267001 16347
EDRS-C                  
1 44475U 19049A   24012.60334411  .00000164  00000+0  00000+0 0  9997
2 44475   0.0874 253.0547 0000671   4.9235 102.0010  1.00268655 16316
INTELSAT 39 (IS-39)     
1 44476U 19049B   24013.00466109  .00000042  00000+0  00000+0 0  9998
2 44476   0.0214  50.0161 0001419  92.9786  32.6170  1.00269794 16243
AMOS-17                 
1 44479U 19050A   24012.87619023  .00000118  00000+0  00000+0 0  9996
2 44479   0.0176  73.5282 0001588 240.5457 130.1919  1.00272281 16295
AEHF-5 (USA 292)        
1 44481U 19051A   24012.85882845  .00000096  00000+0  00000+0 0  9997
2 44481   3.0498 305.9430 0050356 357.9205 171.7519  1.00275477 16372
EUTELSAT 5 WEST B       
1 44624U 19067A   24013.08311767 -.00000034  00000+0  00000+0 0  9992
2 44624   0.0689 342.3520 0002891 308.5842 206.0375  1.00271036 15553
MEV-1                   
1 44625U 19067B   24012.48174674 -.00000192  00000+0  00000+0 0  9995
2 44625   0.0569 258.7028 0000457  41.7474 316.9484  1.00269168 82691
TJS-4                   
1 44637U 19070A   24013.19007455 -.00000162  00000+0  00000+0 0  9990
2 44637   0.0190 252.9326 0001655  99.5987 271.6767  1.00268493 15655
BEIDOU-3 IGSO-3         
1 44709U 19073A   24012.17326211 -.00000174  00000+0  00000+0 0  9997
2 44709  56.3162 290.3866 0034847 182.5604 177.4879  1.00297472 15567
TIBA-1                  
1 44800U 19080A   24012.81924299  .00000165  00000+0  00000+0 0  9997
2 44800   0.0513   1.3414 0002027 292.6369 148.2517  1.00268587 15177
INMARSAT GX5            
1 44801U 19080B   24013.15787022  .00000082  00000+0  00000+0 0  9995
2 44801   0.0465  45.5382 0002098 245.3427 249.0536  1.00271195 15200
JCSAT-18 (KACIFIC 1)    
1 44868U 19091A   24013.05222854 -.00000193  00000+0  00000+0 0  9990
2 44868   0.0094 175.1313 0000231 112.3815 353.3052  1.00270003 15205
ELEKTRO-L 3             
1 44903U 19095A   24013.09921689 -.00000088  00000+0  00000+0 0  9993
2 44903   0.0711 128.0573 0000750 160.4887 295.2479  1.00270445 14807
SHIJIAN-20 (SJ-20)      
1 44910U 19097A   24012.87862088  .00000098  00000+0  00000+0 0  9995
2 44910   2.6375  85.7622 0000995 145.4454 244.0808  1.00555628 14815
TJS-5                   
1 44978U 20002A   24012.85309755 -.00000334  00000+0  00000+0 0  9996
2 44978   0.1873  77.5186 0004766 151.7783 297.1730  1.00270738 14813
GSAT-30                 
1 45026U 20005A   24012.88575675 -.00000156  00000+0  00000+0 0  9995
2 45026   0.0173  91.8173 0001312 143.9627 277.9747  1.00269835 14628
EUTELSAT KONNECT        
1 45027U 20005B   24012.36933837  .00000060  00000+0  00000+0 0  9990
2 45027   0.0613  88.4724 0000174 264.8211 258.2253  1.00270235 15439
JCSAT-17                
1 45245U 20013A   24012.82466677 -.00000302  00000+0  00000+0 0  9995
2 45245   5.6845 348.6844 0003913 309.6997 246.3006  1.00271599 14343
GEO-KOMPSAT-2B          
1 45246U 20013B   24012.82310035 -.00000335  00000+0  00000+0 0  9998
2 45246   0.0123 211.0322 0002449  78.1303 247.2255  1.00268528 14397
BEIDOU-3 G2             
1 45344U 20017A   24013.10000010 -.00000133  00000+0  00000+0 0  9998
2 45344   2.1460  22.8856 0002891 252.8965 312.3261  1.00271448 14384
AEHF-6 (USA 298)        
1 45465U 20022B   24012.75330809 -.00000284  00000+0  00000+0 0  9997
2 45465   4.5938 299.1326 0048422   0.9107 220.6098  1.00267165 14127
BEIDOU-3 G3             
1 45807U 20040A   24012.89123920 -.00000345  00000+0  00000+0 0  9994
2 45807   0.5897  14.2844 0009017 300.2701 228.7351  1.00272546 13186
APSTAR 6D               
1 45863U 20045A   24012.82431868 -.00000309  00000+0  00000+0 0  9997
2 45863   0.0281  78.6600 0000597 258.5155 205.3520  1.00272412 12973
KOREASAT 116            
1 45920U 20048A   24012.89237049 -.00000353  00000+0  00000+0 0  9995
2 45920   0.0208 314.2530 0000812 324.6617 270.3813  1.00274433 12753
EXPRESS 103             
1 45985U 20053A   24012.90327063 -.00000271  00000+0  00000+0 0  9999
2 45985   0.0237  56.2461 0000194 132.0034 345.3190  1.00268874 12763
EXPRESS 80              
1 45986U 20053B   24012.46824292 -.00000125  00000+0  00000+0 0  9995
2 45986   0.0115  25.2343 0002308 355.2933 339.4689  1.00271432 12749
BSAT-4B                 
1 46112U 20056A   24012.31814191 -.00000339  00000+0  00000+0 0  9998
2 46112   0.0681 114.1580 0001067  71.3202 150.1965  1.00270672 12498
MEV-2                   
1 46113U 20056B   24012.67896719 -.00000002  00000+0  00000+0 0  9991
2 46113   0.0421 248.3938 0000740  89.9898  16.6916  1.00270218 71652
GALAXY 30 (G-30)        
1 46114U 20056C   24012.70092037  .00000047  00000+0  00000+0 0  9995
2 46114   0.0218  54.3949 0001852 239.2943 305.3393  1.00271217 12405
GAOFEN-13 01            
1 46610U 20071A   24012.89271858 -.00000354  00000+0  00000+0 0  9995
2 46610   0.2143  84.2390 0011933 282.7016 184.1614  1.00267838 12034
TIANTONG-1 2            
1 46916U 20082A   24013.03734370 -.00000344  00000+0  00000+0 0  9995
2 46916   2.7290 293.1496 0002175   9.8230 307.4430  1.00274070 11766
LUCAS (JDRS-1)          
1 47202U 20089A   24012.90327063 -.00000227  00000+0  00000+0 0  9993
2 47202   0.0164  51.0392 0002844 242.9323 233.8708  1.00271836 11530
SXM-7                   
1 47240U 20096A   24012.78054622 -.00000195  00000+0  00000+0 0  9991
2 47240   0.0154  23.5192 0002385 157.0916 126.9024  1.00270799 11425
CMS-01                  
1 47256U 20099A   24013.10060925 -.00000156  00000+0  00000+0 0  9998
2 47256   0.0435  94.8077 0008242 177.4826 318.9991  1.00270099 11307
TURKSAT 5A              
1 47306U 21001A   24012.87540104  .00000163  00000+0  00000+0 0  9990
2 47306   0.0271  83.4508 0000352 315.3171  59.1326  1.00270637 11083
TIANTONG-1 3            
1 47321U 21003A   24012.88549568 -.00000142  00000+0  00000+0 0  9991
2 47321   3.1941 310.3695 0004694 341.5082 220.2998  1.00272116 11071
TJS-6                   
1 47613U 21010A   24012.83310797  .00000051  00000+0  00000+0 0  9996
2 47613   0.0393 319.5794 0000744  13.4760 257.1024  1.00270987 10929
SBIRS GEO-5 (USA 315)   
1 48618U 21042A   24013.08825201  .00000131  00000+0  00000+0 0  9995
2 48618   6.3959 325.4973 0002319 314.6705 244.5734  1.00271493  9842
FENGYUN 4B              
1 48808U 21047A   24012.89565921 -.00000314  00000+0  00000+0 0  9993
2 48808   0.0514  57.8175 0003341  16.1909 133.1279  1.00280311  9696
SXM-8                   
1 48838U 21049A   24012.49421604 -.00000194  00000+0  00000+0 0  9999
2 48838   0.0153  61.2415 0000972 310.6739 192.2647  1.00267945  9732
TIANLIAN 1-05           
1 49011U 21063A   24012.87619023  .00000117  00000+0  00000+0 0  9999
2 49011   0.7051 279.2076 0003136 355.7425 169.0714  1.00271001  9196
STAR ONE D2             
1 49055U 21069A   24012.48730088 -.00000254  00000+0  00000+0 0  9998
2 49055   0.0105  50.7562 0001858 208.5126 317.5352  1.00270575  9048
EUTELSAT QUANTUM        
1 49056U 21069B   24012.87870791  .00000135  00000+0  00000+0 0  9995
2 49056   0.0166 341.3186 0002727 316.9997 177.5581  1.00270804  9046
CHINASAT 2E (ZX 2E)     
1 49062U 21071A   24012.90327063 -.00000282  00000+0  00000+0 0  9992
2 49062   0.0306 137.0518 0000330  37.8669   0.1701  1.00266686  9162
TJS-7                   
1 49115U 21077A   24013.13594049 -.00000115  00000+0  00000+0 0  9998
2 49115   0.1020 287.7491 0001124 308.0052 185.8170  1.00269968  8930
CHINASAT 9B             
1 49125U 21080A   24013.10426421 -.00000304  00000+0  00000+0 0  9998
2 49125   0.0191  51.6959 0002438 221.4808 337.8727  1.00267718  8749
SHIJIAN-21 (SJ-21)      
1 49330U 21094A   24012.89077150 -.00000288  00000+0  00000+0 0  9998
2 49330   9.5178  46.3709 0078652  28.8752  91.5596  1.00389084  8376
SES-17                  
1 49332U 21095A   24012.78428819 -.00000263  00000+0  00000+0 0  9994
2 49332   0.0136  51.8398 0000848 207.9127  67.2516  1.00271142  8952
SYRACUSE 4A             
1 49333U 21095B   24012.87827279  .00000144  00000+0  00000+0 0  9995
2 49333   0.0181  37.8419 0001583 246.6262 189.0623  1.00269517  9077
QZS-1R                  
1 49336U 21096A   24012.58320635 -.00000268  00000+0  00000+0 0  9999
2 49336  35.6227  92.9238 0758404 271.6749  88.7731  1.00246966  8128
CHINASAT 1D (ZX 1D)     
1 49505U 21114A   24012.82353546 -.00000327  00000+0  00000+0 0  9998
2 49505   0.0167 141.7187 0000795 110.9567 285.7394  1.00274236  7941
STPSAT-6                
1 49817U 21118A   24012.84694462 -.00000036  00000+0  00000+0 0  9992
2 49817   0.0171  56.6837 0000604 257.7216 350.6988  1.00269991  7671
LDPE-1                  
1 49818U 21118B   24012.83867744  .00000131  00000+0  00000+0 0  9992
2 49818   1.8273  89.9492 0006660 212.4833 317.6887  1.00624905  7740
EXPRESS AMU-7           
1 50001U 21123A   24012.28831871 -.00000232  00000+0  00000+0 0  9998
2 50001   0.0186  31.9627 0000332 204.8036 123.2306  1.00270324  7656
EXPRESS AMU-3           
1 50002U 21123B   24012.40478117 -.00000310  00000+0  00000+0 0  9990
2 50002   0.0168 357.1603 0000533 208.6705 154.1666  1.00270844  7639
TIANLIAN 2-02           
1 50005U 21124A   24012.83162859 -.00000004  00000+0  00000+0 0  9994
2 50005   1.0771 275.5484 0002799  16.0667 290.5593  1.00272329  7721
TURKSAT 5B              
1 50212U 21126A   24012.87757661  .00000155  00000+0  00000+0 0  9997
2 50212   0.0646 349.6276 0004997 324.1937 155.9604  1.00271445  7419
INMARSAT 6-F1           
1 50319U 21128A   24013.19007455 -.00000164  00000+0  00000+0 0  9993
2 50319   0.0060 358.2756 0000873  35.2712 230.8453  1.00268860  7351
SHIYAN 12 01 (SY-12 01) 
1 50321U 21129A   24012.87619023  .00000142  00000+0  00000+0 0  9996
2 50321   1.3797  93.9119 0001498 117.5382 234.6183  1.00433635  7606
SHIYAN 12 02 (SY-12 02) 
1 50322U 21129B   24012.89702181 -.00000272  00000+0  00000+0 0  9992
2 50322   1.3782  93.9216 0003954 179.5954 298.0033  1.00415748  7615
TJS-9                   
1 50574U 21135A   24012.89652944 -.00000291  00000+0  00000+0 0  9990
2 50574   0.0240 111.9554 0005269 220.8317 239.0434  1.00268617  7553
USA 324                 
1 51280U 22006A   23361.42321615 -.00000319  00000+0  00000+0 0  9997
2 51280   1.3845  91.0159 0003203 243.6221  48.1327  1.00148002  7077
USA 325                 
1 51281U 22006B   24012.32675715 -.00000180  00000+0  00000+0 0  9990
2 51281   0.3144  85.3135 0001196 349.5479 308.2108  1.00140202  7238
GOES 18                 
1 51850U 22021A   24013.06716326  .00000105  00000+0  00000+0 0  9991
2 51850   0.0102  93.0599 0000344 128.5023 137.6522  1.00271492  6920
CHINASAT 6D (ZX 6D)     
1 52255U 22038A   24012.34364680 -.00000343  00000+0  00000+0 0  9996
2 52255   0.0115  14.4951 0003442 261.2629  84.2027  1.00273138  6557
NILESAT 301             
1 52817U 22061A   24012.68452150 -.00000048  00000+0  00000+0 0  9995
2 52817   0.0502 339.5919 0004992 334.5348  36.9535  1.00271326  5845
CMS-02 (GSAT 24)        
1 52903U 22067A   24012.88575675 -.00000156  00000+0  00000+0 0  9997
2 52903   0.0510 260.5261 0002712 195.2790  57.9479  1.00271453  5722
MEASAT 3D               
1 52904U 22067B   24012.84771388 -.00000233  00000+0  00000+0 0  9999
2 52904   0.0549 300.7487 0003138   2.3147 205.4210  1.00273057  5768
SES-22                  
1 52933U 22071A   24013.23578993  .00000096  00000+0  00000+0 0  9993
2 52933   0.0190  74.3242 0000832 213.7782 133.9838  1.00271855  5682
WFOV (USA 332)          
1 52940U 22073A   24012.98521733 -.00000355  00000+0  00000+0 0  9993
2 52940   1.4209  90.4039 0001547 138.2318 357.2544  1.00275390  5479
TIANLIAN 2-03           
1 53100U 22078A   24012.44008852  .00000084  00000+0  00000+0 0  9998
2 53100   1.6305 279.5827 0002178  31.6826 329.1629  1.00275199  5663
SBIRS GEO-6 (USA 336)   
1 53355U 22092A   24013.18336791 -.00000278  00000+0  00000+0 0  9990
2 53355   4.8971 310.9502 0003257  22.5032 343.6756  1.00278137  5348
EUTELSAT KONNECT VHTS   
1 53765U 22110A   24012.86974456  .00000025  00000+0  00000+0 0  9995
2 53765   0.0507  90.7317 0002545 176.0206 160.8721  1.00269269  4908
CHINASAT 1E (ZX 1E)     
1 53813U 22112A   24012.88540866 -.00000140  00000+0  00000+0 0  9996
2 53813   0.2756 278.3772 0002577  13.1929 220.4522  1.00270060  4966
SES-20                  
1 53960U 22123A   24012.70518448 -.00000091  00000+0  00000+0 0  9998
2 53960   0.0198  98.2648 0001041 342.2750 181.8913  1.00268600  4658
SES-21                  
1 53961U 22123B   24003.54638082  .00000093  00000+0  00000+0 0  9999
2 53961   0.0334  21.4761 0000936 257.6814 249.2587  1.00268189  4576
GALAXY 33 (G-33)        
1 54026U 22128A   24012.69952800  .00000089  00000+0  00000+0 0  9995
2 54026   0.0084  55.8302 0001541 240.2228 294.4447  1.00269604  4865
GALAXY 34 (G-34)        
1 54027U 22128B   24012.70031120  .00000069  00000+0  00000+0 0  9999
2 54027   0.0109  36.7157 0001510 251.7496 306.3107  1.00270327  5029
ANGOSAT 2               
1 54033U 22131A   24012.30082438  .00000146  00000+0  00000+0 0  9990
2 54033   0.0288 139.8513 0000149  78.1871  24.5422  1.00269992  4585
EUTELSAT HOTBIRD 13F    
1 54048U 22134A   24013.08668560  .00000095  00000+0  00000+0 0  9994
2 54048   0.0637 289.8709 0004799   9.8744 216.5146  1.00270670  4555
EUTELSAT HOTBIRD 13G    
1 54225U 22146A   24012.72859361  .00000096  00000+0  00000+0 0  9996
2 54225   0.0201 257.0198 0004524   1.1510 128.8360  1.00268255  4335
CHINASAT 19 (ZX 19)     
1 54230U 22148A   24012.75852944 -.00000071  00000+0  00000+0 0  9991
2 54230   0.0286  91.2453 0006343 171.8900 285.0578  1.00271432  4489
GALAXY 31 (G-31)        
1 54243U 22153A   24013.10890313  .00000022  00000+0  00000+0 0  9998
2 54243   0.0146  45.1395 0002334 250.9863  94.1716  1.00269889  4277
GALAXY 32 (G-32)        
1 54244U 22153B   24012.56465137 -.00000164  00000+0  00000+0 0  9998
2 54244   0.0102   2.8989 0002433 330.0771 250.8376  1.00271644  4250
EUTELSAT 10B            
1 54259U 22157A   24012.79960420  .00000077  00000+0  00000+0 0  9990
2 54259   0.0522  90.6135 0005737 178.2787 140.7262  1.00268041  4134
GALAXY 35 (G-35)        
1 54741U 22170A   24012.85077361 -.00000153  00000+0  00000+0 0  9997
2 54741   0.0182  43.9242 0001382 261.1409  19.9361  1.00271271  4009
GALAXY 36 (G-36)        
1 54742U 22170B   24012.63670623 -.00000175  00000+0  00000+0 0  9998
2 54742   0.0174  56.7096 0001324 318.1680 236.9693  1.00270836  3880
METEOSAT-12 (MTG-I1)    
1 54743U 22170C   24013.22340986 -.00000024  00000+0  00000+0 0  9994
2 54743   0.3943 352.7483 0001491 266.5560 289.7495  1.00271525  4080
SHIJIAN-23 (SJ-23)      
1 55131U 23002A   24012.89879205 -.00000238  00000+0  00000+0 0  9991
2 55131   1.4270  89.8322 0000614 311.4040 182.5303  1.00106985  3620
USA 340                 
1 55138U 22144E   24012.15158882 -.00000264  00000+0  00000+0 0  9993
2 55138   3.4861  65.4545 0001043 211.2848 174.3582  1.00586899  2894
USA 342                 
1 55263U 23008A   24011.51331212  .00000154  00000+0  00000+0 0  9998
2 55263   0.1242  97.6506 0001978 263.7959 318.0473  1.00270898  3612
LDPE-3A                 
1 55264U 23008B   24012.89470197 -.00000344  00000+0  00000+0 0  9999
2 55264   0.8429  89.0658 0000696 300.1334 172.7759  0.99906956  2922
ELEKTRO-L 4             
1 55506U 23016A   24012.23054071 -.00000047  00000+0  00000+0 0  9994
2 55506   0.0272  72.2683 0002793 213.7295  73.9594  1.00271622  3430
AMAZONAS NEXUS          
1 55508U 23017A   24012.85712626 -.00000273  00000+0  00000+0 0  9993
2 55508   0.0362  43.4354 0003153 286.9715  28.9799  1.00268874  3372
CHINASAT 26 (ZX 26)     
1 55686U 23023A   24013.03734370 -.00000345  00000+0  00000+0 0  9998
2 55686   0.0657  78.3680 0001031 317.9506 214.2689  1.00272407  3354
LUCH-5X (OLYMP-K 2)     
1 55841U 23031A   24012.86974456  .00000025  00000+0  00000+0 0  9995
2 55841   0.0194   9.0079 0002501 240.0328 178.5673  1.00268308  3054
GAOFEN-13 02            
1 55912U 23036A   24012.87480013 -.00000220  00000+0  00000+0 0  9999
2 55912   2.3680 302.9686 0004851 306.8214 323.6065  1.00274713  3204
SES-18                  
1 55970U 23038A   24013.11903455 -.00000092  00000+0  00000+0 0  9990
2 55970   0.0532 239.4817 0002773  39.7804 132.5791  1.00269875  3236
SES-19                  
1 55971U 23038B   24013.23578947  .00000096  00000+0  00000+0 0  9991
2 55971   0.0277 301.0399 0001373 350.7390 130.4026  1.00270680  3206
INTELSAT 40E (IS-40E)   
1 56174U 23052A   24012.85112170 -.00000165  00000+0  00000+0 0  9990
2 56174   0.0151  77.4433 0001758 182.7667  67.0254  1.00271294  2932
VIASAT-3                
1 56370U 23060A   24012.63670623 -.00000175  00000+0  00000+0 0  9996
2 56370   0.0319 119.3610 0001904 249.3888 243.1557  1.00268674  2556
ARCTURUS                
1 56371U 23060B   24013.16914983  .00000135  00000+0  00000+0 0  9991
2 56371   0.4802  89.9783 0002937 225.3270  54.7091  1.00270927  2572
GS-1                    
1 56372U 23060C   24012.68735912 -.00000051  00000+0  00000+0 0  9999
2 56372   0.4538  87.9061 0002849 210.4514 226.3863  1.00270380  2537
BEIDOU-3 G4             
1 56564U 23066A   24013.11592525 -.00000100  00000+0  00000+0 0  9993
2 56564   2.5138 288.3060 0003212 228.5171 157.1009  1.00271147  2523
ARABSAT-7B (BADR-8)     
1 56757U 23075A   24012.87444378  .00000153  00000+0  00000+0 0  9998
2 56757   0.0717  29.3531 0004507 309.1542 114.1380  1.00271524  2259
IRNSS-1J (NVS-01)       
1 56759U 23076A   24012.75869322 -.00000323  00000+0  00000+0 0  9998
2 56759   4.4012 269.4878 0007266 357.7308 247.2169  1.00273283  2226
H2SAT (HEINRICH HERTZ)  
1 57213U 23093A   24012.86930944  .00000009  00000+0  00000+0 0  9994
2 57213   0.0245 104.5185 0000673 349.4453 331.3117  1.00270542  2027
JUPITER 3 (ECHOSTAR 24) 
1 57479U 23108A   24012.95346496 -.00000141  00000+0  00000+0 0  9996
2 57479   0.0102  74.3127 0002206 259.0547  26.6069  1.00268975  1764
GALAXY 37 (G-37)        
1 57493U 23112A   24012.77201799  .00000058  00000+0  00000+0 0  9999
2 57493   0.0115  27.0210 0001794 266.5885 329.0628  1.00270651  1654
LUDI TANCE-4 01A        
1 57624U 23120A   24012.52905906 -.00000160  00000+0  00000+0 0  9993
2 57624  15.9236 215.4470 0002856  97.0989  79.0430  1.00271186  1648
TJS-10                  
1 58204U 23169A   24012.83206370  .00000013  00000+0  00000+0 0  9990
2 58204   0.2452  88.0891 0005745 251.5353 245.0751  1.00267343   654
CHINASAT 6E (ZX 6E)     
1 58253U 23172A   24012.82057670 -.00000352  00000+0  00000+0 0  9991
2 58253   0.0585 239.7624 0000895 214.9146  67.9939  1.00274159   771
