STARLETTE               
1 07646U 75010A   23250.90037693 -.00000134  00000+0  62347-5 0  9990
2 07646  49.8241 144.1493 0205707 315.6707  42.7873 13.82321079454379
LAGEOS 1                
1 08820U 76039A   23250.84267152 -.00000013  00000+0  00000+0 0  9993
2 08820 109.8101 192.2226 0044831 159.8094 359.5848  6.38664791848428
AJISAI (EGS)            
1 16908U 86061A   23250.90499859 -.00000091  00000+0  43547-4 0  9997
2 16908  50.0116  23.1772 0011488 121.0140 339.9749 12.44501473354212
COSMOS 1989 (ETALON 1)  
1 19751U 89001C   23251.10446663 -.00000003  00000+0  00000+0 0  9996
2 19751  64.4368 106.9794 0023956 214.7290 310.8667  2.13156319269843
COSMOS 2024 (ETALON 2)  
1 20026U 89039C   23251.12721544 -.00000100  00000+0  00000+0 0  9998
2 20026  65.4444 345.1989 0019050 218.0355 309.7510  2.13204396266893
LAGEOS 2                
1 22195U 92070B   23250.82399559 -.00000009  00000+0  00000+0 0  9997
2 22195  52.6430 187.0708 0138720 103.9871 105.4055  6.47293944729817
STELLA                  
1 22824U 93061B   23250.91252493 -.00000037  00000+0  38770-5 0  9994
2 22824  98.9227 287.1379 0005486 305.5805 182.6820 14.27409013560215
LARES                   
1 38077U 12006A   23251.03661813 -.00000047  00000+0 -54961-4 0  9996
2 38077  69.4884 222.7924 0011497 276.3512  83.6205 12.54931432530053
