COSMOS 2433 (720)       
1 32275U 07052A   23250.31728105 -.00000100  00000+0  00000+0 0  9992
2 32275  66.0211 349.8364 0003828 219.8630 140.1365  2.13104185123498
COSMOS 2432 (719)       
1 32276U 07052B   23249.93763678 -.00000099  00000+0  00000+0 0  9990
2 32276  66.0355 349.9577 0008236 319.6584  56.1449  2.13103274123475
COSMOS 2434 (721)       
1 32393U 07065A   23250.74110035  .00000062  00000+0  00000+0 0  9997
2 32393  64.3369 226.1897 0000277  79.2763 137.0472  2.13103099122173
COSMOS 2436 (723)       
1 32395U 07065C   23250.51808924  .00000063  00000+0  00000+0 0  9996
2 32395  64.3456 226.2590 0015764 352.8291 187.9213  2.13102797122133
COSMOS 2456 (730)       
1 36111U 09070A   23249.09355035 -.00000012  00000+0  00000+0 0  9990
2 36111  64.4908 105.7458 0002127 334.7146 216.8154  2.13099232106796
COSMOS 2457 (733)       
1 36112U 09070B   23251.01977440 -.00000002  00000+0  00000+0 0  9995
2 36112  64.4756 105.5449 0005792 147.1846 212.8742  2.13101433106875
COSMOS 2460 (732)       
1 36402U 10007C   23250.60686436 -.00000100  00000+0  00000+0 0  9994
2 36402  65.8834 348.5417 0001514 177.6075 214.1141  2.13106343105134
COSMOS 2476 (744)       
1 37867U 11064A   23250.62261538 -.00000006  00000+0  00000+0 0  9993
2 37867  64.7712 107.2219 0021207 232.2848 321.6161  2.13101794 92169
COSMOS 2477 (745)       
1 37868U 11064B   23250.38382434 -.00000008  00000+0  00000+0 0  9998
2 37868  64.7781 107.2994 0018415 232.6298 315.9629  2.13101685 92159
COSMOS 2475 (743)       
1 37869U 11064C   23250.78847069 -.00000005  00000+0  00000+0 0  9990
2 37869  64.7855 107.2980 0022567 250.8649 206.6403  2.13102069 92177
COSMOS 2485 (747)       
1 39155U 13019A   23248.90407942 -.00000012  00000+0  00000+0 0  9993
2 39155  64.9306 107.8041 0021727 228.3248 131.5676  2.13101970 80643
COSMOS 2492 (754)       
1 39620U 14012A   23249.32879382 -.00000097  00000+0  00000+0 0  9995
2 39620  65.7673 348.2026 0011371 316.3258  43.6145  2.13103151 73619
COSMOS 2500 (755)       
1 40001U 14032A   23249.98131114 -.00000099  00000+0  00000+0 0  9990
2 40001  65.7053 348.0079 0008065 198.6076 161.3930  2.13105938 71845
COSMOS 2501 (702K)      
1 40315U 14075A   23250.23124005  .00000063  00000+0  00000+0 0  9996
2 40315  63.6403 225.5586 0019959 211.3130 148.5612  2.13101348 68244
COSMOS 2514 (751)       
1 41330U 16008A   23250.21257357 -.00000100  00000+0  00000+0 0  9990
2 41330  65.5025 347.5808 0011790 207.5160 152.4519  2.13102652 59014
COSMOS 2516 (753)       
1 41554U 16032A   23247.51170507  .00000060  00000+0  00000+0 0  9999
2 41554  63.8671 226.0542 0015487 214.6526 145.2336  2.13106404 56561
COSMOS 2522 (752)       
1 42939U 17055A   23249.58507746  .00000067  00000+0  00000+0 0  9998
2 42939  64.1009 226.5084 0009769 243.3683 116.5246  2.13101985 46359
COSMOS 2527 (756)       
1 43508U 18053A   23250.48232364 -.00000007  00000+0  00000+0 0  9997
2 43508  65.0927 107.8442 0007338 218.5562 141.4703  2.13102482 40677
COSMOS 2529 (757)       
1 43687U 18086A   23250.11232527  .00000066  00000+0  00000+0 0  9996
2 43687  64.3162 226.9265 0011420 262.3431  97.5214  2.13102070 37670
COSMOS 2534 (758)       
1 44299U 19030A   23250.64298804  .00000063  00000+0  00000+0 0  9991
2 44299  64.3889 226.8350 0013563 281.2381 260.0151  2.13102004 33326
COSMOS 2544 (759)       
1 44850U 19088A   23250.42605579 -.00000008  00000+0  00000+0 0  9994
2 44850  65.0785 107.6889 0011319 251.9509 108.0045  2.13102234 29118
COSMOS 2545 (760)       
1 45358U 20018A   23250.15356583 -.00000100  00000+0  00000+0 0  9994
2 45358  64.8427 347.8255 0010024 237.3585 122.5749  2.13102611 27053
COSMOS 2547 (705K)      
1 46805U 20075A   23250.34254805  .00000065  00000+0  00000+0 0  9999
2 46805  64.6161 226.4023 0008527 244.0348 115.8715  2.13102925 22305
COSMOS 2557 (706K)      
1 52984U 22075A   23250.50511078 -.00000101  00000+0  00000+0 0  9994
2 52984  64.7593 349.9722 0011889 275.5134  84.3785  2.13102329  9113
COSMOS 2559 (707K)      
1 54031U 22130A   23249.97783285 -.00000100  00000+0  00000+0 0  9990
2 54031  64.7307 350.1181 0007155 217.1675 142.8105  2.13101551  7072
COSMOS 2564 (761)       
1 54377U 22161A   23250.17096820  .00000066  00000+0  00000+0 0  9993
2 54377  64.7569 226.4616 0010863 226.3822 133.5218  2.13102176  6029
