NAVSTAR 43 (USA 132)    
1 24876U 97035A   23250.58798868 -.00000044  00000+0  00000+0 0  9999
2 24876  55.5877 138.2177 0072707  52.3972 308.3210  2.00564098191626
NAVSTAR 47 (USA 150)    
1 26360U 00025A   23250.71019476 -.00000044  00000+0  00000+0 0  9998
2 26360  54.4358  60.4638 0041504 199.4164 338.6228  2.00570579170941
NAVSTAR 51 (USA 166)    
1 27663U 03005A   23250.73870914  .00000049  00000+0  00000+0 0  9994
2 27663  55.2445 255.2745 0131962  44.6960 133.6072  2.00565856150984
NAVSTAR 52 (USA 168)    
1 27704U 03010A   23250.75884453 -.00000115  00000+0  00000+0 0  9996
2 27704  55.1155   5.2330 0248779 318.8154  92.4233  2.00575100149786
NAVSTAR 54 (USA 177)    
1 28190U 04009A   23250.35188206 -.00000075  00000+0  00000+0 0  9999
2 28190  55.6879 316.3497 0092876 138.8396 276.5612  2.00567256142611
NAVSTAR 56 (USA 180)    
1 28474U 04045A   23250.75951499 -.00000114  00000+0  00000+0 0  9994
2 28474  55.4426   5.5555 0162414 282.6380 122.7141  2.00580136138101
ANIK F1R                
1 28868U 05036A   23251.09007810 -.00000087  00000+0  00000+0 0  9998
2 28868   1.6973  88.9940 0002126  64.2069 118.8156  1.00272687 65998
NAVSTAR 57 (USA 183)    
1 28874U 05038A   23250.27569869 -.00000070  00000+0  00000+0 0  9995
2 28874  55.7392 313.8048 0139616 279.5475 102.4491  2.00575315131503
INMARSAT 4-F2           
1 28899U 05044A   23251.08077726 -.00000001  00000+0  00000+0 0  9999
2 28899   3.8608  40.7003 0002816 143.1910 255.9779  1.00272104 65342
NAVSTAR 58 (USA 190)    
1 29486U 06042A   23250.90118500 -.00000009  00000+0  00000+0 0  9995
2 29486  54.6846 191.5144 0103203  32.1822 343.0635  2.00569566124073
NAVSTAR 59 (USA 192)    
1 29601U 06052A   23250.30155247  .00000049  00000+0  00000+0 0  9991
2 29601  55.2656 254.2513 0083294  79.4012 281.5572  2.00549765123071
NAVSTAR 60 (USA 196)    
1 32260U 07047A   23250.11756151 -.00000041  00000+0  00000+0 0  9994
2 32260  53.4658 122.0254 0151501  70.6951 291.0114  2.00551337116476
COSMOS 2433             
1 32275U 07052A   23250.31728105 -.00000100  00000+0  00000+0 0  9992
2 32275  66.0211 349.8364 0003828 219.8630 140.1365  2.13104185123498
COSMOS 2432             
1 32276U 07052B   23249.93763678 -.00000099  00000+0  00000+0 0  9990
2 32276  66.0355 349.9577 0008236 319.6584  56.1449  2.13103274123475
NAVSTAR 61 (USA 199)    
1 32384U 07062A   23250.43255104 -.00000071  00000+0  00000+0 0  9998
2 32384  55.8711 314.6201 0024873 150.5226 207.2480  2.00558968115172
COSMOS 2434             
1 32393U 07065A   23250.74110035  .00000062  00000+0  00000+0 0  9997
2 32393  64.3369 226.1897 0000277  79.2763 137.0472  2.13103099122173
COSMOS 2436             
1 32395U 07065C   23250.51808924  .00000063  00000+0  00000+0 0  9996
2 32395  64.3456 226.2590 0015764 352.8291 187.9213  2.13102797122133
NAVSTAR 62 (USA 201)    
1 32711U 08012A   23250.53014794 -.00000006  00000+0  00000+0 0  9995
2 32711  54.4519 190.3594 0177553 235.8694 122.4228  2.00557362113422
NAVSTAR 64 (USA 206)    
1 35752U 09043A   23250.51164435 -.00000035  00000+0  00000+0 0  9996
2 35752  55.4365  67.5902 0058355  69.0970 294.2465  2.00557810103035
COSMOS 2456             
1 36111U 09070A   23249.09355035 -.00000012  00000+0  00000+0 0  9990
2 36111  64.4908 105.7458 0002127 334.7146 216.8154  2.13099232106796
COSMOS 2457             
1 36112U 09070B   23251.01977440 -.00000002  00000+0  00000+0 0  9995
2 36112  64.4756 105.5449 0005792 147.1846 212.8742  2.13101433106875
COSMOS 2460             
1 36402U 10007C   23250.60686436 -.00000100  00000+0  00000+0 0  9994
2 36402  65.8834 348.5417 0001514 177.6075 214.1141  2.13106343105134
NAVSTAR 65 (USA 213)    
1 36585U 10022A   23250.59079701  .00000050  00000+0  00000+0 0  9995
2 36585  54.5648 249.4550 0109296  59.6695 117.3893  2.00562162 97256
BEIDOU-2 IGSO-1         
1 36828U 10036A   23250.76026411 -.00000151  00000+0  00000+0 0  9992
2 36828  54.2363 172.1411 0036698 188.9635   5.9936  1.00252536 48065
QZS-1 (MICHIBIKI-1)     
1 37158U 10045A   23249.68402778 -.00000039  00000+0  00000+0 0  9997
2 37158  43.0227 127.4265 0003098 164.9546  55.5572  0.87715049 47490
BEIDOU-2 G4             
1 37210U 10057A   23251.06306253 -.00000125  00000+0  00000+0 0  9991
2 37210   1.1841  61.0395 0006286 154.6861 313.7566  1.00271595 47122
BEIDOU-2 IGSO-2         
1 37256U 10068A   23250.80467455 -.00000170  00000+0  00000+0 0  9996
2 37256  49.4016 284.2611 0032584 212.0681 248.0608  1.00283142 46633
BEIDOU-2 IGSO-3         
1 37384U 11013A   23250.37306913 -.00000165  00000+0  00000+0 0  9996
2 37384  60.9451  49.8635 0027884 174.2164   4.5000  1.00281178 45490
GSAT-8                  
1 37605U 11022A   23251.07894977  .00000073  00000+0  00000+0 0  9999
2 37605   0.0174 123.4943 0005235 125.7309 181.1425  1.00272958 45086
NAVSTAR 66 (USA 232)    
1 37753U 11036A   23250.15798639 -.00000106  00000+0  00000+0 0  9992
2 37753  56.7443  11.3580 0127065  56.3329 254.2602  2.00568602 88931
BEIDOU-2 IGSO-4         
1 37763U 11038A   23250.81581965 -.00000143  00000+0  00000+0 0  9991
2 37763  54.5103 174.6828 0112110 228.1382 333.0605  1.00273509 44470
GSAT0101 (GALILEO-PFM)  
1 37846U 11060A   23249.64308251 -.00000108  00000+0  00000+0 0  9993
2 37846  57.1100   9.2369 0001587  76.2945 283.7262  1.70475929 73821
GSAT0102 (GALILEO-FM2)  
1 37847U 11060B   23250.18631104 -.00000108  00000+0  00000+0 0  9991
2 37847  57.1106   9.2223 0001176 339.6117  40.0679  1.70475357 73841
COSMOS 2476             
1 37867U 11064A   23250.62261538 -.00000006  00000+0  00000+0 0  9993
2 37867  64.7712 107.2219 0021207 232.2848 321.6161  2.13101794 92169
COSMOS 2477             
1 37868U 11064B   23250.38382434 -.00000008  00000+0  00000+0 0  9998
2 37868  64.7781 107.2994 0018415 232.6298 315.9629  2.13101685 92159
COSMOS 2475             
1 37869U 11064C   23250.78847069 -.00000005  00000+0  00000+0 0  9990
2 37869  64.7855 107.2980 0022567 250.8649 206.6403  2.13102069 92177
BEIDOU-2 IGSO-5         
1 37948U 11073A   23249.57976450 -.00000132  00000+0  00000+0 0  9991
2 37948  49.5287 283.9441 0095231 220.2679 145.9051  1.00272248 43230
LUCH-5A                 
1 37951U 11074B   23251.06056832 -.00000058  00000+0  00000+0 0  9993
2 37951   6.1523  89.6293 0004696  65.9900  20.1644  1.00275387 43035
BEIDOU-2 G5             
1 38091U 12008A   23250.89493794  .00000045  00000+0  00000+0 0  9994
2 38091   1.7177  68.4858 0003415 173.7714 125.2960  1.00274198 42203
BEIDOU-2 M3             
1 38250U 12018A   23249.34620389 -.00000117  00000+0  00000+0 0  9993
2 38250  56.5100 338.8087 0023492 255.4675 104.3100  1.86231138 77048
BEIDOU-2 M4             
1 38251U 12018B   23250.30045021 -.00000117  00000+0  00000+0 0  9996
2 38251  56.4195 338.0690 0013837 254.8476  70.7873  1.86232015 77406
SES-5                   
1 38652U 12036A   23250.88730132  .00000022  00000+0  00000+0 0  9992
2 38652   0.0509 311.1747 0001907 222.2394 137.6779  1.00272108 34328
BEIDOU-2 M6             
1 38775U 12050B   23250.59843262 -.00000027  00000+0  00000+0 0  9997
2 38775  55.6932  96.6575 0011583 339.9928  20.0363  1.86231308 74435
GSAT-10                 
1 38779U 12051B   23250.90049212 -.00000177  00000+0  00000+0 0  9996
2 38779   0.0525 272.2317 0002057 340.5255 141.1321  1.00271047 39951
NAVSTAR 67 (USA 239)    
1 38833U 12053A   23250.20867399 -.00000010  00000+0  00000+0 0  9992
2 38833  53.5128 185.0755 0142161  51.9903 309.2751  2.00567240 79104
GSAT0103 (GALILEO-FM3)  
1 38857U 12055A   23249.09567318 -.00000024  00000+0  00000+0 0  9998
2 38857  55.2824 129.4445 0002775 265.7158  94.3282  1.70473717 67708
GSAT0104 (GALILEO-FM4)  
1 38858U 12055B   23248.47854824 -.00000021  00000+0  00000+0 0  9998
2 38858  55.2825 129.4631 0000269 206.4453 153.6310  1.70473948 67698
BEIDOU-2 G6             
1 38953U 12059A   23250.90049212 -.00000186  00000+0  00000+0 0  9998
2 38953   1.8342  81.9343 0007006 310.6205   2.2848  1.00268785 39740
LUCH-5B                 
1 38977U 12061A   23250.77812609 -.00000147  00000+0  00000+0 0  9997
2 38977   8.2631  59.0944 0005781 111.6882  79.6303  1.00273339 39452
COSMOS 2485             
1 39155U 13019A   23248.90407942 -.00000012  00000+0  00000+0 0  9993
2 39155  64.9306 107.8041 0021727 228.3248 131.5676  2.13101970 80643
NAVSTAR 68 (USA 242)    
1 39166U 13023A   23250.56954685 -.00000061  00000+0  00000+0 0  9990
2 39166  55.3541 309.9875 0114265  41.7120 319.2147  2.00564314 75559
IRNSS-1A                
1 39199U 13034A   23250.11299378  .00000068  00000+0  00000+0 0  9996
2 39199  33.4293  78.6497 0020286 176.4769 186.7345  1.00280395 37200
NAVSTAR 69 (USA 248)    
1 39533U 14008A   23250.56824532 -.00000007  00000+0  00000+0 0  9999
2 39533  53.5999 190.6189 0067220 215.7454 143.7900  2.00551882 69352
ASTRA 5B                
1 39617U 14011B   23251.07132640  .00000125  00000+0  00000+0 0  9995
2 39617   0.0875 299.7234 0003205 256.1913 200.1342  1.00269457 34712
COSMOS 2492             
1 39620U 14012A   23249.32879382 -.00000097  00000+0  00000+0 0  9995
2 39620  65.7673 348.2026 0011371 316.3258  43.6145  2.13103151 73619
IRNSS-1B                
1 39635U 14017A   23250.11299378  .00000115  00000+0  00000+0 0  9996
2 39635  28.7002 257.6188 0019753 192.3325 351.7308  1.00275476 34628
LUCH-5V                 
1 39727U 14023A   23250.87132670 -.00000281  00000+0  00000+0 0  9994
2 39727   2.5823  77.2708 0003661 135.1300 182.6792  1.00270126 34191
NAVSTAR 70 (USA 251)    
1 39741U 14026A   23250.35120176 -.00000107  00000+0  00000+0 0  9991
2 39741  56.6969  10.8728 0029080 310.8179  48.9382  2.00556998 68205
COSMOS 2500             
1 40001U 14032A   23249.98131114 -.00000099  00000+0  00000+0 0  9990
2 40001  65.7053 348.0079 0008065 198.6076 161.3930  2.13105938 71845
NAVSTAR 71 (USA 256)    
1 40105U 14045A   23250.43474540 -.00000041  00000+0  00000+0 0  9991
2 40105  54.8135 128.9482 0024968 113.2141 247.1180  2.00577962 66636
GSAT0201 (GALILEO 5)    
1 40128U 14050A   23250.03795509 -.00000089  00000+0  00000+0 0  9991
2 40128  49.9326 314.4591 1608846 140.4798 232.4485  1.85519266 59503
GSAT0202 (GALILEO 6)    
1 40129U 14050B   23250.29733128 -.00000085  00000+0  00000+0 0  9995
2 40129  49.9516 313.5203 1606713 141.3005 231.4006  1.85519998 61678
IRNSS-1C                
1 40269U 14061A   23251.01289962 -.00000174  00000+0  00000+0 0  9994
2 40269   3.9714 112.5983 0020019  17.9263 303.9428  1.00270148 32665
NAVSTAR 72 (USA 258)    
1 40294U 14068A   23250.81209504 -.00000028  00000+0  00000+0 0  9998
2 40294  56.1807  70.3236 0049129  61.9896 298.5520  2.00572047 64887
COSMOS 2501             
1 40315U 14075A   23250.23124005  .00000063  00000+0  00000+0 0  9996
2 40315  63.6403 225.5586 0019959 211.3130 148.5612  2.13101348 68244
NAVSTAR 73 (USA 260)    
1 40534U 15013A   23250.44971550  .00000048  00000+0  00000+0 0  9993
2 40534  53.4635 246.1606 0080499  25.3174 335.0830  2.00554547 61912
GSAT0203 (GALILEO 7)    
1 40544U 15017A   23250.00912571 -.00000108  00000+0  00000+0 0  9996
2 40544  56.9052   9.1996 0003163 226.1111 133.8659  1.70476260 51911
GSAT0204 (GALILEO 8)    
1 40545U 15017B   23249.67617737 -.00000108  00000+0  00000+0 0  9994
2 40545  56.9113   9.2230 0003528 208.9167 151.0670  1.70475749 14955
IRNSS-1D                
1 40547U 15018A   23250.94693649 -.00000270  00000+0  00000+0 0  9995
2 40547  28.0680 257.5739 0019926 192.5408 349.3916  1.00272207 31088
BEIDOU-3S IGSO-1S       
1 40549U 15019A   23250.70445980 -.00000155  00000+0  00000+0 0  9997
2 40549  51.0922 307.5313 0041048 195.9597 190.1560  1.00255743 30919
NAVSTAR 74 (USA 262)    
1 40730U 15033A   23251.11002013 -.00000055  00000+0  00000+0 0  9996
2 40730  54.8421 308.5780 0085299  13.9606 346.3367  2.00555119 59698
BEIDOU-3S M2S           
1 40748U 15037A   23249.48036030 -.00000116  00000+0  00000+0 0  9990
2 40748  55.6609 336.6952 0011345 241.1649 118.7612  1.86233188 55221
BEIDOU-3S M1S           
1 40749U 15037B   23250.28741408 -.00000117  00000+0  00000+0 0  9994
2 40749  55.6634 336.6541 0003245 300.1230  59.8845  1.86232935 55240
GSAT0205 (GALILEO 9)    
1 40889U 15045A   23250.61728770  .00000042  00000+0  00000+0 0  9998
2 40889  55.3625 249.6052 0003442 358.4158   1.5928  1.70473445 49735
GSAT0206 (GALILEO 10)   
1 40890U 15045B   23247.31844457  .00000034  00000+0  00000+0 0  9995
2 40890  55.3631 249.6919 0002361 323.6055  36.3796  1.70473376 49704
BEIDOU-3S IGSO-2S       
1 40938U 15053A   23250.51413280 -.00000096  00000+0  00000+0 0  9998
2 40938  50.8041 270.7056 0048171 194.2292 162.5951  1.00282753 29188
NAVSTAR 75 (USA 265)    
1 41019U 15062A   23250.66399053 -.00000029  00000+0  00000+0 0  9992
2 41019  56.1641  70.1796 0089230 221.0182 138.3515  2.00562321 57502
GSAT-15                 
1 41028U 15065A   23251.08660775 -.00000270  00000+0  00000+0 0  9992
2 41028   0.0538 274.7720 0001854 238.5293 318.2731  1.00272594 28704
GSAT0209 (GALILEO 12)   
1 41174U 15079A   23250.42310635 -.00000026  00000+0  00000+0 0  9992
2 41174  55.3007 129.1149 0003050 331.4907  28.5668  1.70474040 47497
GSAT0208 (GALILEO 11)   
1 41175U 15079B   23250.05612867 -.00000026  00000+0  00000+0 0  9994
2 41175  55.2989 129.1231 0002585 330.4561  29.6036  1.70473975 47908
IRNSS-1E                
1 41241U 16003A   23250.94693649 -.00000306  00000+0  00000+0 0  9992
2 41241  30.9844  77.7400 0020393 175.9490 185.8482  1.00274764 28040
NAVSTAR 76 (USA 266)    
1 41328U 16007A   23250.25722507 -.00000041  00000+0  00000+0 0  9998
2 41328  55.0176 129.7343 0071397 233.8486 125.5567  2.00575353 55500
COSMOS 2514             
1 41330U 16008A   23250.21257357 -.00000100  00000+0  00000+0 0  9990
2 41330  65.5025 347.5808 0011790 207.5160 152.4519  2.13102652 59014
IRNSS-1F                
1 41384U 16015A   23250.84354883  .00000146  00000+0  00000+0 0  9997
2 41384   2.9398 129.6631 0018502 176.9630  15.8861  1.00271086 27507
BEIDOU-2 IGSO-6         
1 41434U 16021A   23249.89424557 -.00000148  00000+0  00000+0 0  9992
2 41434  58.7585  48.2375 0047162 217.9452 137.9307  1.00282671 27304
IRNSS-1G                
1 41469U 16027A   23250.95050442 -.00000347  00000+0  00000+0 0  9994
2 41469   2.8303 131.3239 0002706 353.6952 333.3482  1.00277412 27012
GSAT0211 (GALILEO 14)   
1 41549U 16030A   23250.17706740  .00000042  00000+0  00000+0 0  9991
2 41549  55.5090 249.5934 0003960 309.2510  50.7225  1.70473515 45387
GSAT0210 (GALILEO 13)   
1 41550U 16030B   23248.70882852  .00000039  00000+0  00000+0 0  9994
2 41550  55.5090 249.6351 0004212 275.0252  84.9311  1.70473596 45358
COSMOS 2516             
1 41554U 16032A   23247.51170507  .00000060  00000+0  00000+0 0  9999
2 41554  63.8671 226.0542 0015487 214.6526 145.2336  2.13106404 56561
BEIDOU-2 G7             
1 41586U 16037A   23250.80743937 -.00000366  00000+0  00000+0 0  9998
2 41586   1.8786  68.4886 0006757 344.3108 335.0382  1.00269549 26620
EUTELSAT 117 WEST B     
1 41589U 16038B   23250.68643757 -.00000023  00000+0  00000+0 0  9997
2 41589   0.0223  25.2000 0000272  86.8841   4.5354  1.00272342 26506
GSAT0207 (GALILEO 15)   
1 41859U 16069A   23250.13036528 -.00000026  00000+0  00000+0 0  9996
2 41859  54.9635 129.1943 0002913 309.3976  50.6506  1.70473959 42117
GSAT0212 (GALILEO 16)   
1 41860U 16069B   23248.22529093 -.00000020  00000+0  00000+0 0  9993
2 41860  54.9600 129.2439 0002288   0.6676 359.4114  1.70474068 42336
GSAT0213 (GALILEO 17)   
1 41861U 16069C   23249.76452588 -.00000026  00000+0  00000+0 0  9994
2 41861  54.9629 129.2071 0002660 277.5225  82.5216  1.70472855 42226
GSAT0214 (GALILEO 18)   
1 41862U 16069D   23249.91177138 -.00000026  00000+0  00000+0 0  9997
2 41862  54.9616 129.1969 0001758 287.1123  72.9425  1.70472647 42357
SES-15                  
1 42709U 17026A   23250.68400094  .00000049  00000+0  00000+0 0  9992
2 42709   0.0266  37.8532 0000332 165.8923 259.8337  1.00268339 23989
QZS-2 (MICHIBIKI-2)     
1 42738U 17028A   23250.87949397 -.00000146  00000+0  00000+0 0  9990
2 42738  41.0390 257.8157 0751632 270.1359 276.4066  1.00264073 22973
QZS-3 (MICHIBIKI-3)     
1 42917U 17048A   23251.05240437 -.00000360  00000+0  00000+0 0  9999
2 42917   0.0580 197.8904 0002221 356.3217 298.5616  1.00270651 22205
COSMOS 2522             
1 42939U 17055A   23249.58507746  .00000067  00000+0  00000+0 0  9998
2 42939  64.1009 226.5084 0009769 243.3683 116.5246  2.13101985 46359
QZS-4 (MICHIBIKI-4)     
1 42965U 17062A   23250.61160521 -.00000354  00000+0  00000+0 0  9997
2 42965  40.6343 356.4038 0748362 269.3427  80.3530  1.00280196 21649
BEIDOU-3 M1             
1 43001U 17069A   23250.36477177 -.00000028  00000+0  00000+0 0  9994
2 43001  55.8445  96.7241 0007712 302.4605  57.5390  1.86231691 39724
BEIDOU-3 M2             
1 43002U 17069B   23249.22759639 -.00000033  00000+0  00000+0 0  9990
2 43002  55.8427  96.7986 0006255 334.4497  25.5928  1.86231187 39694
GSAT0215 (GALILEO 19)   
1 43055U 17079A   23249.22726105  .00000041  00000+0  00000+0 0  9999
2 43055  55.4859 249.4456 0003731 269.0299  90.9330  1.70474132 35685
GSAT0216 (GALILEO 20)   
1 43056U 17079B   23246.58625198  .00000032  00000+0  00000+0 0  9996
2 43056  55.4873 249.5184 0005310 274.6738  85.2661  1.70474233 35659
GSAT0217 (GALILEO 21)   
1 43057U 17079C   23250.32612422  .00000042  00000+0  00000+0 0  9991
2 43057  55.4838 249.4142 0004644 286.6111  73.3466  1.70474247 35703
GSAT0218 (GALILEO 22)   
1 43058U 17079D   23249.37300422  .00000041  00000+0  00000+0 0  9998
2 43058  55.4844 249.4380 0005753 271.9733  87.9669  1.70474206 35716
BEIDOU-3 M7             
1 43107U 18003A   23248.44145571 -.00000115  00000+0  00000+0 0  9993
2 43107  55.1177 337.4465 0003504  78.5457 281.5332  1.86232460 38437
BEIDOU-3 M8             
1 43108U 18003B   23248.91652092 -.00000117  00000+0  00000+0 0  9999
2 43108  55.1104 337.4171 0004027 242.9676 117.0306  1.86230928 38456
BEIDOU-3 M4             
1 43207U 18018A   23249.89583235 -.00000031  00000+0  00000+0 0  9990
2 43207  55.8027  96.8385 0004959  14.5212 345.5667  1.86231601 37853
BEIDOU-3 M3             
1 43208U 18018B   23249.96248701 -.00000031  00000+0  00000+0 0  9995
2 43208  55.8023  96.8407 0005767 320.4859  39.5457  1.86231498 37850
BEIDOU-3 M9             
1 43245U 18029A   23249.11140269 -.00000115  00000+0  00000+0 0  9998
2 43245  55.0112 335.1566 0001471 215.5669 144.4649  1.86232691 36997
BEIDOU-3 M10            
1 43246U 18029B   23250.65227235 -.00000115  00000+0  00000+0 0  9999
2 43246  55.0077 335.1327 0002694 355.2374   4.8012  1.86233007 37015
IRNSS-1I                
1 43286U 18035A   23250.64893083  .00000075  00000+0  00000+0 0  9993
2 43286  29.2582  90.1362 0019612 176.0220   8.9735  1.00273274 19919
COSMOS 2527             
1 43508U 18053A   23250.48232364 -.00000007  00000+0  00000+0 0  9997
2 43508  65.0927 107.8442 0007338 218.5562 141.4703  2.13102482 40677
BEIDOU-2 IGSO-7         
1 43539U 18057A   23250.74945972 -.00000161  00000+0  00000+0 0  9991
2 43539  55.1205 171.8292 0064446 231.2147 326.7451  1.00282770 18990
GSAT0221 (GALILEO 25)   
1 43564U 18060A   23249.85933313 -.00000108  00000+0  00000+0 0  9990
2 43564  57.2858   9.1324 0002819 253.2471 106.7251  1.70476117 31877
GSAT0222 (GALILEO 26)   
1 43565U 18060B   23250.66400652 -.00000108  00000+0  00000+0 0  9997
2 43565  57.2893   9.1120 0003446 211.4248 148.5575  1.70475917 31933
GSAT0219 (GALILEO 23)   
1 43566U 18060C   23249.71316565 -.00000107  00000+0  00000+0 0  9990
2 43566  57.2883   9.1397 0001858 255.5023 104.4802  1.70476118 31897
GSAT0220 (GALILEO 24)   
1 43567U 18060D   23250.52017087 -.00000108  00000+0  00000+0 0  9990
2 43567  57.2882   9.1176 0002355 249.4676 110.5101  1.70476080 31899
BEIDOU-3 M5             
1 43581U 18062A   23250.33559173  .00000038  00000+0  00000+0 0  9995
2 43581  54.1779 216.8097 0005244 280.4377  79.4785  1.86231971 34752
BEIDOU-3 M6             
1 43582U 18062B   23250.73849708  .00000034  00000+0  00000+0 0  9992
2 43582  54.1775 216.7856 0005037 355.8060   4.1648  1.86229815 34765
BEIDOU-3 M12            
1 43602U 18067A   23250.67476306  .00000033  00000+0  00000+0 0  9992
2 43602  54.2648 215.4436 0007011  12.5073 347.4847  1.86231532 34249
BEIDOU-3 M11            
1 43603U 18067B   23250.80858798  .00000031  00000+0  00000+0 0  9995
2 43603  54.2616 215.4048 0004121 357.0130   2.9591  1.86231492 34271
BEIDOU-3 M13            
1 43622U 18072A   23250.23051878 -.00000029  00000+0  00000+0 0  9991
2 43622  55.7725  96.3679 0004443 299.2869  60.7423  1.86231676 33772
BEIDOU-3 M14            
1 43623U 18072B   23250.09597505 -.00000030  00000+0  00000+0 0  9990
2 43623  55.7742  96.3652 0003053 348.3049  11.7615  1.86231645 33769
BEIDOU-3 M16            
1 43647U 18078A   23250.25844256 -.00000116  00000+0  00000+0 0  9993
2 43647  54.9069 335.2399 0005919   9.3041 350.7477  1.86227339 33273
BEIDOU-3 M15            
1 43648U 18078B   23249.85203417 -.00000116  00000+0  00000+0 0  9996
2 43648  54.9027 335.2578 0002800  22.4197 337.6334  1.86232162 33288
BEIDOU-3 G1             
1 43683U 18085A   23250.88088633 -.00000292  00000+0  00000+0 0  9994
2 43683   1.5216 124.1347 0002427   1.2385 318.3557  1.00266447 17894
COSMOS 2529             
1 43687U 18086A   23250.11232527  .00000066  00000+0  00000+0 0  9996
2 43687  64.3162 226.9265 0011420 262.3431  97.5214  2.13102070 37670
BEIDOU-3 M17            
1 43706U 18093A   23250.00005179  .00000041  00000+0  00000+0 0  9998
2 43706  54.2603 216.7387 0010333 280.0708  79.7878  1.86232046 32655
BEIDOU-3 M18            
1 43707U 18093B   23250.40299476  .00000037  00000+0  00000+0 0  9993
2 43707  54.2611 216.7166 0008517 305.0346  54.8607  1.86229876 32658
NAVSTAR 77 (USA 289)    
1 43873U 18109A   23250.85503149 -.00000042  00000+0  00000+0 0  9996
2 43873  55.1937 132.2260 0025648 191.0053 135.9849  2.00569054 34699
BEIDOU-3 IGSO-1         
1 44204U 19023A   23249.82698667 -.00000204  00000+0  00000+0 0  9996
2 44204  57.2248  48.2146 0023454 194.2371 160.6888  1.00281905 16161
BEIDOU-2 G8             
1 44231U 19027A   23250.88158251 -.00000259  00000+0  00000+0 0  9998
2 44231   1.9645  81.1240 0006579 131.6842 235.7921  1.00270934 15921
COSMOS 2534             
1 44299U 19030A   23250.64298804  .00000063  00000+0  00000+0 0  9991
2 44299  64.3889 226.8350 0013563 281.2381 260.0151  2.13102004 33326
BEIDOU-3 IGSO-2         
1 44337U 19035A   23250.66215826 -.00000166  00000+0  00000+0 0  9999
2 44337  55.1532 167.7632 0033014 197.0988 339.7481  1.00273749 15508
NAVSTAR 78 (USA 293)    
1 44506U 19056A   23250.79235139 -.00000109  00000+0  00000+0 0  9990
2 44506  55.8219  11.3036 0037030 185.3352 355.9622  2.00565783 29745
BEIDOU-3 M24            
1 44542U 19061A   23251.01163246  .00000031  00000+0  00000+0 0  9994
2 44542  54.4873 216.9350 0008404 339.5094  20.4318  1.86231498 26926
BEIDOU-3 M23            
1 44543U 19061B   23250.33684057  .00000039  00000+0  00000+0 0  9995
2 44543  54.4860 216.9267 0005885 322.5049 216.9125  1.86231863 26915
BEIDOU-3 IGSO-3         
1 44709U 19073A   23250.51529733 -.00000160  00000+0  00000+0 0  9997
2 44709  56.5287 291.7188 0035186 190.0090 170.0064  1.00281228 14295
BEIDOU-3 M22            
1 44793U 19078A   23249.24614385 -.00000116  00000+0  00000+0 0  9992
2 44793  54.7558 335.2418 0004800  18.6055 341.4533  1.86232242 25747
BEIDOU-3 M21            
1 44794U 19078B   23249.91365434 -.00000116  00000+0  00000+0 0  9995
2 44794  54.7292 335.2008 0002751   9.5001 350.5460  1.86232731 25766
COSMOS 2544             
1 44850U 19088A   23250.42605579 -.00000008  00000+0  00000+0 0  9994
2 44850  65.0785 107.6889 0011319 251.9509 108.0045  2.13102234 29118
BEIDOU-3 M19            
1 44864U 19090A   23246.93004080 -.00000022  00000+0  00000+0 0  9999
2 44864  55.7043  96.6649 0015462 276.0152  77.4497  1.86231756 25287
BEIDOU-3 M20            
1 44865U 19090B   23249.22561427 -.00000033  00000+0  00000+0 0  9990
2 44865  55.7079  96.6205 0013332 291.4357 250.8874  1.86231812 25310
BEIDOU-3 G2             
1 45344U 20017A   23251.11854807 -.00000152  00000+0  00000+0 0  9994
2 45344   2.0502  16.3873 0003152 160.7472 292.4957  1.00272857 13113
COSMOS 2545             
1 45358U 20018A   23250.15356583 -.00000100  00000+0  00000+0 0  9994
2 45358  64.8427 347.8255 0010024 237.3585 122.5749  2.13102611 27053
BEIDOU-3 G3             
1 45807U 20040A   23251.01838204 -.00000365  00000+0  00000+0 0  9992
2 45807   0.6125 344.4740 0005962 330.3347 149.1998  1.00274242 11927
NAVSTAR 79 (USA 304)    
1 45854U 20041A   23250.62856571 -.00000032  00000+0  00000+0 0  9999
2 45854  55.8859  68.5926 0036170 186.1132 180.2875  2.00563597 23714
GALAXY 30 (G-30)        
1 46114U 20056C   23250.68487118  .00000025  00000+0  00000+0 0  9999
2 46114   0.0181 146.3279 0002584  38.9826 282.7286  1.00271290 11138
COSMOS 2547             
1 46805U 20075A   23250.34254805  .00000065  00000+0  00000+0 0  9999
2 46805  64.6161 226.4023 0008527 244.0348 115.8715  2.13102925 22305
NAVSTAR 80 (USA 309)    
1 46826U 20078A   23250.39013466  .00000048  00000+0  00000+0 0  9997
2 46826  54.3109 251.9392 0036057 194.7331 334.9989  2.00562792 21179
NAVSTAR 81 (USA 319)    
1 48859U 21054A   23250.37048366 -.00000107  00000+0  00000+0 0  9992
2 48859  55.3394  13.1047 0012290 211.5024 126.4542  2.00573590 16417
QZS-1R                  
1 49336U 21096A   23223.77030010 -.00000338  00000+0  00000+0 0  9996
2 49336  35.3027  95.2768 0759716 272.3783 359.4413  1.00237636  6587
GSAT0223 (GALILEO 27)   
1 49809U 21116A   23250.37505559 -.00000108  00000+0  00000+0 0  9990
2 49809  57.2798   9.0174 0003355 179.9271 181.2690  1.70476243 10904
GSAT0224 (GALILEO 28)   
1 49810U 21116B   23248.95957543 -.00000107  00000+0  00000+0 0  9996
2 49810  57.2805   9.0536 0002820 170.5434 154.4219  1.70476124 10896
COSMOS 2557             
1 52984U 22075A   23250.50511078 -.00000101  00000+0  00000+0 0  9994
2 52984  64.7593 349.9722 0011889 275.5134  84.3785  2.13102329  9113
COSMOS 2559             
1 54031U 22130A   23249.97783285 -.00000100  00000+0  00000+0 0  9990
2 54031  64.7307 350.1181 0007155 217.1675 142.8105  2.13101551  7072
COSMOS 2564             
1 54377U 22161A   23250.17096820  .00000066  00000+0  00000+0 0  9993
2 54377  64.7569 226.4616 0010863 226.3822 133.5218  2.13102176  6029
NAVSTAR 82 (USA 343)    
1 55268U 23009A   23250.59272955 -.00000009  00000+0  00000+0 0  9994
2 55268  55.0886 188.2863 0004367  91.5646  88.0886  2.00555570  4918
BEIDOU-3 G4             
1 56564U 23066A   23250.85327260 -.00000123  00000+0  00000+0 0  9993
2 56564   2.8362 288.7831 0006756 213.9358 311.1002  1.00273127  1238
IRNSS-1J (NVS-01)       
1 56759U 23076A   23251.02212402 -.00000349  00000+0  00000+0 0  9991
2 56759   4.7305 271.9923 0006107 335.8833 236.4078  1.00272400  1044
