GOES 1 (SMS-C) [-]      
1 08366U 75100A   24012.41398104  .00000071  00000+0  00000+0 0  9991
2 08366   6.8606 288.5016 0003488 322.7100 240.8048  1.00281508176172
GOES 2 [-]              
1 10061U 77048A   24012.85882845  .00000125  00000+0  00000+0 0  9997
2 10061   8.5247 301.2206 0012318  30.7495 144.1624  0.99394069 37464
GOES 3 [-]              
1 10953U 78062A   24013.15107992  .00000026  00000+0  00000+0 0  9991
2 10953   8.9073 306.1848 0000643 247.1720 172.6489  0.99362196119792
GOES 4 [-]              
1 11964U 80074A   24012.81577012 -.00000155  00000+0  00000+0 0  9990
2 11964   9.9153 310.0236 0031431  86.8567   6.6985  0.99233258118642
GOES 5 [-]              
1 12472U 81049A   24012.48420841  .00000097  00000+0  00000+0 0  9992
2 12472  10.9495 321.9150 0002130 283.5042 264.9086  1.00234513113950
GOES 6 [-]              
1 14050U 83041A   24012.48446948  .00000076  00000+0  00000+0 0  9993
2 14050  11.6100 327.3602 0002454 200.3786 344.1903  1.00261761207125
GOES 7 [-]              
1 17561U 87022A   24012.62165127  .00000067  00000+0  00000+0 0  9999
2 17561  13.7361 344.0253 0002582  55.4950 131.5367  0.99904210118100
GOES 8 [-]              
1 23051U 94022A   24013.09477873  .00000043  00000+0  00000+0 0  9998
2 23051  13.6668  20.1447 0002990  26.3351 153.3920  0.98903345115350
GOES 9 [-]              
1 23581U 95025A   24012.96127437 -.00000088  00000+0  00000+0 0  9993
2 23581  13.1704  20.7048 0004811 154.8396  24.8984  0.98798618103991
GOES 10 [-]             
1 24786U 97019A   24012.52853691 -.00000020  00000+0  00000+0 0  9992
2 24786  12.0777  27.1076 0029286 215.6162 146.5686  0.99120408 97281
GOES 11 [-]             
1 26352U 00022A   24012.89792181 -.00000287  00000+0  00000+0 0  9992
2 26352   9.9085  54.5869 0004578 221.0951 303.5923  0.99044936 43693
GOES 12 [-]             
1 26871U 01031A   24012.63322531  .00000029  00000+0  00000+0 0  9992
2 26871  10.5579  44.2550 0007103 287.9460 261.3400  0.99134736 81973
EWS-G1 (GOES 13) [+]    
1 29155U 06018A   24013.05257575 -.00000283  00000+0  00000+0 0  9995
2 29155   2.2175  87.1537 0087709 248.3756 305.1099  0.99158150 64610
GOES 14 [B]             
1 35491U 09033A   24013.11597166 -.00000057  00000+0  00000+0 0  9994
2 35491   0.0871 235.1323 0000203 113.0247  57.1100  1.00271688 53276
GOES 15 [B]             
1 36411U 10008A   24012.88149264  .00000045  00000+0  00000+0 0  9992
2 36411   0.0937 263.5074 0005661   1.5946 225.6155  1.00275833 50758
GOES 16 [+]             
1 41866U 16071A   24012.85425451 -.00000239  00000+0  00000+0 0  9996
2 41866   0.0776 249.4030 0001048  84.8702   9.8714  1.00269807 26214
GOES 17 [+]             
1 43226U 18022A   24012.93070825 -.00000082  00000+0  00000+0 0  9992
2 43226   0.0070 100.8012 0001530 169.4980  71.9884  1.00270826 21538
GOES 18 [+]             
1 51850U 22021A   24013.06716326  .00000105  00000+0  00000+0 0  9991
2 51850   0.0102  93.0599 0000344 128.5023 137.6522  1.00271492  6920
