GALAXY 25 (G-25)        
1 24812U 97026A   24013.10052223  .00000030  00000+0  00000+0 0  9997
2 24812   5.1414  77.8038 0005881 265.9559 246.8419  0.99092095 97430
INTELSAT 5 (IS-5)       
1 24916U 97046A   24012.83075837 -.00000059  00000+0  00000+0 0  9991
2 24916   8.4621  56.7612 0005858 203.2181 317.0399  1.00271799 96727
GALAXY 11 (G-11)        
1 26038U 99071A   24012.90235997 -.00000050  00000+0  00000+0 0  9992
2 26038   4.4772  81.2096 0000240 131.3752  30.4478  1.00270362 88192
INTELSAT 9 (IS-9)       
1 26451U 00043A   24012.55666255 -.00000283  00000+0  00000+0 0  9996
2 26451   8.4454  56.9611 0003666 229.3030 335.6672  1.00269417 85952
INTELSAT 1R (IS-1R)     
1 26608U 00072A   24012.90053249 -.00000134  00000+0  00000+0 0  9999
2 26608   5.8521  74.3735 0002249 233.2318 285.5662  1.00271892 32439
INTELSAT 10 (IS-10)     
1 26766U 01019A   24012.83302095  .00000037  00000+0  00000+0 0  9995
2 26766   6.9478  68.1739 0004321 217.1777 304.1354  1.00271815 83049
INTELSAT 901 (IS-901)   
1 26824U 01024A   24012.86374000 -.00000193  00000+0  00000+0 0  9998
2 26824   0.0559 258.1395 0000499  50.2102  86.9400  1.00269123 14093
INTELSAT 902 (IS-902)   
1 26900U 01039A   24012.71606233 -.00000276  00000+0  00000+0 0  9991
2 26900   3.8611  82.4912 0003315 213.9369  22.9486  1.00270963 81805
INTELSAT 904 (IS-904)   
1 27380U 02007A   24012.43364819 -.00000207  00000+0  00000+0 0  9994
2 27380   4.6819  79.6477 0002994 222.3433 296.0315  1.00270252 42879
DIRECTV 5 (TEMPO 1)     
1 27426U 02023A   24013.13385193 -.00000050  00000+0  00000+0 0  9995
2 27426   2.5983  86.3788 0003091 207.0393 116.7460  1.00271021 79428
INTELSAT 905 (IS-905)   
1 27438U 02027A   24013.07920164 -.00000180  00000+0  00000+0 0  9992
2 27438   4.5082  80.3129 0002672 213.1015 182.6541  1.00271558 79088
GALAXY 3C (G-3C)        
1 27445U 02030A   24013.13689773 -.00000145  00000+0  00000+0 0  9990
2 27445   1.4475  88.9064 0000926 240.4906  97.1454  1.00270749 79064
INTELSAT 906 (IS-906)   
1 27513U 02041A   24012.88201477  .00000020  00000+0  00000+0 0  9991
2 27513   3.5351  83.7778 0005958 191.4864 218.2534  1.00271490 78146
GALAXY 12 (G-12)        
1 27715U 03013B   24012.87531403 -.00000005  00000+0  00000+0 0  9993
2 27715   4.7187  79.3792 0002862 267.2289 110.9792  0.98984135 43195
GALAXY 23 (G-23)        
1 27854U 03034A   24013.13167637  .00000020  00000+0  00000+0 0  9990
2 27854   0.9016  91.2533 0002831 207.0942 100.2546  1.00271325 79662
GALAXY 13 (HORIZONS-1)  
1 27954U 03044A   24012.76775387  .00000142  00000+0  00000+0 0  9992
2 27954   0.0169  68.7037 0001721 290.8776 238.5471  1.00272784 37681
INTELSAT 10-02          
1 28358U 04022A   24012.99910404 -.00000003  00000+0  00000+0 0  9991
2 28358   0.0466 235.4045 0000818 100.1294 135.1048  1.00270603 71741
XM-3 (RHYTHM)           
1 28626U 05008A   24013.13059126 -.00000197  00000+0  00000+0 0  9990
2 28626   0.0479 216.2176 0000347 155.2302  62.5757  1.00268950 69180
DIRECTV 8               
1 28659U 05019A   24012.63070164  .00000012  00000+0  00000+0 0  9992
2 28659   0.0146  71.7118 0002678 227.1703 280.7355  1.00270559 68185
GALAXY 28 (G-28)        
1 28702U 05022A   24013.19236816 -.00000177  00000+0  00000+0 0  9998
2 28702   1.0060  89.8001 0006786 194.3225 168.2547  1.00266062 67949
GALAXY 14 (G-14)        
1 28790U 05030A   24012.87574913  .00000162  00000+0  00000+0 0  9994
2 28790   2.7274  85.7228 0001394 215.5915 158.7042  1.00273116 67424
GALAXY 15 (G-15)        
1 28884U 05041A   24012.81413701  .00000034  00000+0  00000+0 0  9999
2 28884   1.2229  85.2776 0013415 122.9760 279.9131  0.98937687 66678
SPACEWAY 2              
1 28903U 05046B   24012.69839670  .00000110  00000+0  00000+0 0  9994
2 28903   3.2349  82.1380 0000230 166.7818 335.3129  1.00271227 42452
GALAXY 16 (G-16)        
1 29236U 06023A   24012.84955529 -.00000117  00000+0  00000+0 0  9997
2 29236   0.0597 244.9839 0002468  44.7826  28.8893  1.00270138 64083
DIRECTV 9S              
1 29494U 06043A   24012.84912017 -.00000103  00000+0  00000+0 0  9995
2 29494   0.1254  88.0593 0002847 208.5232  19.7150  1.00270242 42498
XM-4 (BLUES)            
1 29520U 06049A   24012.70222571  .00000065  00000+0  00000+0 0  9991
2 29520   0.5222  94.5536 0004354 242.2723 268.4916  0.98811361 42583
GALAXY 17 (G-17)        
1 31307U 07016B   24013.13059177 -.00000198  00000+0  00000+0 0  9998
2 31307   0.7183  91.4770 0004703 215.2413 127.3963  1.00269614 61192
DIRECTV 10              
1 31862U 07032A   24012.84877208 -.00000094  00000+0  00000+0 0  9997
2 31862   0.0331 154.1523 0000731  74.1333  86.2899  1.00272414 60517
SPACEWAY 3              
1 32018U 07036A   24012.78637675 -.00000277  00000+0  00000+0 0  9993
2 32018   1.6950  87.3436 0001082 141.6238 109.1332  1.00271048 37668
INTELSAT 11 (IS-11)     
1 32253U 07044B   24012.86069420 -.00000260  00000+0  00000+0 0  9991
2 32253   1.2593  89.7526 0004135 211.5594  77.3681  1.00271165 59609
HORIZONS-2              
1 32388U 07063B   24013.14107483 -.00000245  00000+0  00000+0 0  9998
2 32388   0.3071  91.1776 0001932 210.5474 147.3536  1.00268877 58995
DIRECTV 11              
1 32729U 08013A   24012.84955529 -.00000116  00000+0  00000+0 0  9998
2 32729   0.0208 100.9019 0001084  33.5359 184.0358  1.00268526 58053
GALAXY 18 (G-18)        
1 32951U 08024A   24012.62991844  .00000035  00000+0  00000+0 0  9992
2 32951   0.0227  54.8624 0002862 240.0587 280.4647  1.00270095 36965
INTELSAT 25 (IS-25)     
1 33153U 08034A   24013.14942903 -.00000216  00000+0  00000+0 0  9990
2 33153   0.4148  90.8556 0003180 216.3913 187.1539  1.00268989 56754
GALAXY 19 (G-19)        
1 33376U 08045A   24012.84999039 -.00000129  00000+0  00000+0 0  9990
2 33376   0.0188 311.9833 0002994 353.6427  15.1858  1.00270465 56018
FM-5                    
1 35493U 09034A   24013.12941161 -.00000192  00000+0  00000+0 0  9996
2 35493   0.0222  52.4188 0000659 127.7153 252.4242  1.00269519 53097
INTELSAT 14 (IS-14)     
1 36097U 09064A   24012.86025910 -.00000264  00000+0  00000+0 0  9995
2 36097   0.0113  54.9007 0002360 251.2105  70.4149  1.00269288 51719
INTELSAT 15 (IS-15)     
1 36106U 09067A   24012.83104954 -.00000176  00000+0  00000+0 0  9994
2 36106   0.0184  52.3847 0002230 263.2064 180.5553  1.00269744 32342
DIRECTV 12              
1 36131U 09075A   24013.11903428 -.00000095  00000+0  00000+0 0  9996
2 36131   0.0253 145.1748 0001194 270.5760 356.4638  1.00270992 51504
INTELSAT 16 (IS-16)     
1 36397U 10006A   24013.17978562 -.00000236  00000+0  00000+0 0  9990
2 36397   0.0246  49.4983 0002040 244.5479 166.6333  1.00269802 50832
XM-5                    
1 37185U 10053A   24012.70309594 -.00000013  00000+0  00000+0 0  9992
2 37185   0.0400 265.5984 0001340 257.3734  86.6273  1.00269875 48594
INTELSAT 17 (IS-17)     
1 37238U 10065B   24012.88236286  .00000007  00000+0  00000+0 0  9992
2 37238   0.0395  80.5683 0002751 234.2693 180.6599  1.00272080 44350
INTELSAT NEW DAWN       
1 37392U 11016A   24012.87574913  .00000165  00000+0  00000+0 0  9996
2 37392   0.0372 253.7697 0000691  78.6879 127.4654  1.00273663 44407
INTELSAT 18 (IS-18)     
1 37834U 11056A   24013.11992830  .00000061  00000+0  00000+0 0  9996
2 37834   0.0181  40.9163 0001830 261.2355  33.1111  1.00270665 44955
INTELSAT 22 (IS-22)     
1 38098U 12011A   24013.09843368 -.00000050  00000+0  00000+0 0  9998
2 38098   0.0339  76.5976 0003267 217.7707 285.2414  1.00270384 43169
INTELSAT 19 (IS-19)     
1 38356U 12030A   24013.11714358 -.00000048  00000+0  00000+0 0  9992
2 38356   0.0178  44.9159 0002973 252.0534  23.2940  1.00271194 42626
INTELSAT 20 (IS-20)     
1 38740U 12043A   24012.88288500 -.00000015  00000+0  00000+0 0  9995
2 38740   0.0128  71.5180 0002376 112.5909 314.0707  1.00271568 41863
INTELSAT 21 (IS-21)     
1 38749U 12045A   24013.14420764 -.00000277  00000+0  00000+0 0  9996
2 38749   0.0118  56.8278 0001808 247.4236 161.7975  1.00269496 41754
INTELSAT 23 (IS-23)     
1 38867U 12057A   24012.85869267 -.00000275  00000+0  00000+0 0  9990
2 38867   0.0296 136.5880 0000491 142.7380  88.6504  1.00278844 41056
FM-6                    
1 39360U 13058A   24012.70292189 -.00000007  00000+0  00000+0 0  9991
2 39360   0.0395  76.1870 0000487 137.2605  35.1192  1.00271905 37176
INTELSAT 30 (IS-30)     
1 40271U 14062A   24011.41793515 -.00000135  00000+0  00000+0 0  9998
2 40271   0.0099  34.1611 0001121 350.0696 141.5778  1.00269622 33696
DIRECTV 14              
1 40333U 14078B   24012.69395288 -.00000115  00000+0  00000+0 0  9998
2 40333   0.0384 285.1948 0000408 216.7527 120.3111  1.00268879 33173
DIRECTV 15              
1 40663U 15026A   24012.63392149 -.00000093  00000+0  00000+0 0  9990
2 40663   0.0154  57.8285 0000356 122.6165  56.5060  1.00274056 31587
SKY MEXICO-1            
1 40664U 15026B   24012.85355833 -.00000225  00000+0  00000+0 0  9991
2 40664   0.0148  49.2284 0002068 253.0925  38.0372  1.00270090 31563
INTELSAT 34 (IS-34)     
1 40874U 15039A   24012.78655080 -.00000276  00000+0  00000+0 0  9993
2 40874   0.0146  20.5935 0000117 235.1985  83.6374  1.00271014 30732
INTELSAT 31 (IS-31)     
1 41581U 16035A   24013.13681071 -.00000143  00000+0  00000+0 0  9998
2 41581   0.0147  82.4213 0001898  94.7982 249.0767  1.00271871 27807
INTELSAT 36 (IS-36)     
1 41747U 16053A   24012.81126525 -.00000015  00000+0  00000+0 0  9992
2 41747   0.0099  29.5440 0001661 356.8040  85.9794  1.00271183 27067
INTELSAT 33E (IS-33E)   
1 41748U 16053B   24012.80952479  .00000058  00000+0  00000+0 0  9993
2 41748   0.0203  44.6766 0001717 239.6887 178.8446  1.00270033 27365
INTELSAT 32E (IS-32E)   
1 41945U 17007B   24012.78907446 -.00000259  00000+0  00000+0 0  9997
2 41945   0.0153  58.0477 0000494  89.4718 205.1277  1.00270880 25332
INTELSAT 35E (IS-35E)   
1 42818U 17041A   24013.14881986 -.00000230  00000+0  00000+0 0  9995
2 42818   0.0183  58.0382 0001821 247.4827 185.6728  1.00269446 23924
INTELSAT 37E (IS-37E)   
1 42950U 17059A   24012.84152980 -.00000132  00000+0  00000+0 0  9993
2 42950   0.0175  48.0837 0002532 239.7281 108.9606  1.00270782 23179
AZERSPACE 2 (IS-38)     
1 43632U 18074A   24012.85813166  .00000146  00000+0  00000+0 0  9994
2 43632   0.0177  45.4710 0001209 249.8644 170.5236  1.00269547 19553
HORIZONS-3E             
1 43633U 18074B   24013.11775274 -.00000023  00000+0  00000+0 0  9997
2 43633   0.0052 232.6490 0000664  53.6710  37.1772  1.00269589 19436
AT&T T-16               
1 44333U 19034A   24012.84920719 -.00000106  00000+0  00000+0 0  9999
2 44333   0.0249  58.9630 0000805  85.0643 172.6632  1.00270825 16744
INTELSAT 39 (IS-39)     
1 44476U 19049B   24013.00466109  .00000042  00000+0  00000+0 0  9998
2 44476   0.0214  50.0161 0001419  92.9786  32.6170  1.00269794 16243
GALAXY 30 (G-30)        
1 46114U 20056C   24012.70092037  .00000047  00000+0  00000+0 0  9995
2 46114   0.0218  54.3949 0001852 239.2943 305.3393  1.00271217 12405
GALAXY 33 (G-33)        
1 54026U 22128A   24012.69952800  .00000089  00000+0  00000+0 0  9995
2 54026   0.0084  55.8302 0001541 240.2228 294.4447  1.00269604  4865
GALAXY 34 (G-34)        
1 54027U 22128B   24012.70031120  .00000069  00000+0  00000+0 0  9999
2 54027   0.0109  36.7157 0001510 251.7496 306.3107  1.00270327  5029
GALAXY 31 (G-31)        
1 54243U 22153A   24013.10890313  .00000022  00000+0  00000+0 0  9998
2 54243   0.0146  45.1395 0002334 250.9863  94.1716  1.00269889  4277
GALAXY 32 (G-32)        
1 54244U 22153B   24012.56465137 -.00000164  00000+0  00000+0 0  9998
2 54244   0.0102   2.8989 0002433 330.0771 250.8376  1.00271644  4250
GALAXY 35 (G-35)        
1 54741U 22170A   24012.85077361 -.00000153  00000+0  00000+0 0  9997
2 54741   0.0182  43.9242 0001382 261.1409  19.9361  1.00271271  4009
GALAXY 36 (G-36)        
1 54742U 22170B   24012.63670623 -.00000175  00000+0  00000+0 0  9998
2 54742   0.0174  56.7096 0001324 318.1680 236.9693  1.00270836  3880
GALAXY 37 (G-37)        
1 57493U 23112A   24012.77201799  .00000058  00000+0  00000+0 0  9999
2 57493   0.0115  27.0210 0001794 266.5885 329.0628  1.00270651  1654
