IRIDIUM 106             
1 41917U 17003A   23250.28914686  .00000358  00000+0  12072-3 0  9999
2 41917  86.4026 152.2702 0002174  75.5936 284.5501 14.34214404347880
IRIDIUM 103             
1 41918U 17003B   23250.69506047  .00000307  00000+0  10268-3 0  9992
2 41918  86.4024 152.0038 0002443  84.7559 275.3915 14.34223301347963
IRIDIUM 109             
1 41919U 17003C   23250.84095287  .00000349  00000+0  11765-3 0  9998
2 41919  86.4026 151.9855 0002274  89.9841 270.1615 14.34218128347954
IRIDIUM 102             
1 41920U 17003D   23250.73947201 -.00000026  00000+0 -16443-4 0  9993
2 41920  86.4019 151.9727 0002126  85.2803 274.8636 14.34216723348021
IRIDIUM 105             
1 41921U 17003E   23251.12880507  .00000322  00000+0  10799-3 0  9997
2 41921  86.3959 120.2523 0002167  85.7950 274.3493 14.34218350349935
IRIDIUM 104             
1 41922U 17003F   23250.68239134  .00000327  00000+0  10961-3 0  9998
2 41922  86.4025 152.0242 0002258  83.6998 276.4455 14.34219843348008
IRIDIUM 114             
1 41923U 17003G   23251.10734072  .00000325  00000+0  10881-3 0  9997
2 41923  86.4025 151.8337 0001963  76.7709 283.3706 14.34219547348069
IRIDIUM 108             
1 41924U 17003H   23250.71702017  .00000009  00000+0 -37813-5 0  9994
2 41924  86.3955 120.3674 0002182  79.1506 280.9935 14.34217539349845
IRIDIUM 112             
1 41925U 17003J   23251.09465142  .00000350  00000+0  11775-3 0  9997
2 41925  86.4020 151.7281 0002015  89.4812 270.6615 14.34221503348094
IRIDIUM 111             
1 41926U 17003K   23250.73313044  .00000004  00000+0 -57331-5 0  9998
2 41926  86.4021 151.9270 0002364  82.6581 277.4884 14.34215743347991
IRIDIUM 113             
1 42803U 17039A   23250.57355638 -.00000536  00000+0 -19855-3 0  9997
2 42803  86.3998  25.7196 0002231  94.2378 265.9073 14.34215219325906
IRIDIUM 123             
1 42804U 17039B   23250.47549825  .00000115  00000+0  34021-4 0  9994
2 42804  86.3938  57.2709 0002282  99.2842 260.8612 14.34218321324659
IRIDIUM 120             
1 42805U 17039C   23250.77651603  .00000426  00000+0  14520-3 0  9992
2 42805  86.3979  25.5486 0002315  90.2685 269.8776 14.34213935325925
IRIDIUM 115             
1 42806U 17039D   23250.85147475  .00000570  00000+0  16343-3 0  9994
2 42806  86.4529  25.5022 0002534  93.8846 266.2645 14.43301593328102
IRIDIUM 118             
1 42807U 17039E   23250.50722249  .00000120  00000+0  35729-4 0  9996
2 42807  86.3937  57.2602 0002086  92.4092 267.7343 14.34217694324656
IRIDIUM 117             
1 42808U 17039F   23251.01461688  .00000133  00000+0  40410-4 0  9998
2 42808  86.3936  57.0146 0002185  91.5892 268.5554 14.34217560324762
IRIDIUM 126             
1 42809U 17039G   23250.90045307  .00000129  00000+0  38839-4 0  9999
2 42809  86.3939  57.0973 0002341  94.2549 265.8914 14.34218264324714
IRIDIUM 124             
1 42810U 17039H   23250.71283969  .00000531  00000+0  15181-3 0  9999
2 42810  86.4554 353.9448 0002121  90.6899 269.4545 14.43277452328931
IRIDIUM 128             
1 42811U 17039J   23250.68189313  .00000078  00000+0  20716-4 0  9991
2 42811  86.3913  88.7420 0002276  87.7812 272.3645 14.34213083324712
IRIDIUM 121             
1 42812U 17039K   23250.98924901  .00000128  00000+0  38661-4 0  9999
2 42812  86.3937  57.0813 0002150  91.9132 268.2310 14.34217067324727
IRIDIUM 133             
1 42955U 17061A   23251.06244667  .00000096  00000+0  27224-4 0  9993
2 42955  86.3914  88.6757 0002297  91.6258 268.5201 14.34218512309568
IRIDIUM 100             
1 42956U 17061B   23250.84678954  .00000107  00000+0  31233-4 0  9997
2 42956  86.3911  88.7085 0002253  90.5981 269.5473 14.34216649309532
IRIDIUM 122             
1 42957U 17061C   23251.09415795  .00000083  00000+0  22402-4 0  9999
2 42957  86.3913  88.6025 0002299  86.6770 273.4689 14.34217055309579
IRIDIUM 129             
1 42958U 17061D   23250.56138150  .00000078  00000+0  20700-4 0  9991
2 42958  86.3913  88.8821 0002276  89.0072 271.1385 14.34216185309518
IRIDIUM 119             
1 42959U 17061E   23250.66920974  .00000171  00000+0  54073-4 0  9990
2 42959  86.3914  88.8275 0002358  86.7880 273.3586 14.34213281309549
IRIDIUM 107             
1 42960U 17061F   23250.54869766  .00000093  00000+0  26197-4 0  9999
2 42960  86.3913  88.8929 0002306  83.8146 276.3312 14.34214544309534
IRIDIUM 132             
1 42961U 17061G   23250.55503925  .00000086  00000+0  23783-4 0  9993
2 42961  86.3914  88.8766 0002324  85.9635 274.1826 14.34215142309532
IRIDIUM 136             
1 42962U 17061H   23251.07513408  .00000081  00000+0  21970-4 0  9990
2 42962  86.3915  88.6610 0002219  93.3377 266.8073 14.34213724309625
IRIDIUM 139             
1 42963U 17061J   23251.08146190  .00000146  00000+0  45209-4 0  9995
2 42963  86.3917  88.7044 0002278  84.8553 275.2903 14.34215886309634
IRIDIUM 125             
1 42964U 17061K   23251.06879095  .00000093  00000+0  26255-4 0  9992
2 42964  86.3917  88.7520 0002353  85.2655 274.8810 14.34214851309640
IRIDIUM 135             
1 43070U 17083A   23250.69406616  .00000004  00000+0 -57377-5 0  9991
2 43070  86.3997  25.5719 0001658  89.6151 270.5234 14.34214404298882
IRIDIUM 138             
1 43071U 17083B   23250.64966517  .00000319  00000+0  10681-3 0  9991
2 43071  86.3987  25.3430 0002317  93.1838 266.9623 14.34220054298862
IRIDIUM 116             
1 43072U 17083C   23250.68771754  .00000380  00000+0  12846-3 0  9996
2 43072  86.3997  25.5723 0001975  96.9360 263.2060 14.34220569298902
IRIDIUM 130             
1 43073U 17083D   23251.00484241  .00000364  00000+0  12298-3 0  9999
2 43073  86.4006  25.6166 0002202  93.8133 266.3314 14.34222092298892
IRIDIUM 151             
1 43074U 17083E   23250.63064031 -.00000047  00000+0 -23749-4 0  9993
2 43074  86.3998  25.6312 0001904  99.0956 261.0455 14.34216414298860
IRIDIUM 134             
1 43075U 17083F   23250.66869478  .00000029  00000+0  31962-5 0  9990
2 43075  86.3998  25.6087 0002229  92.4725 267.6726 14.34215693298830
IRIDIUM 137             
1 43076U 17083G   23250.40229765  .00000360  00000+0  12162-3 0  9999
2 43076  86.4001  25.7933 0001908  96.1140 264.0273 14.34222322298861
IRIDIUM 141             
1 43077U 17083H   23251.09365209  .00000029  00000+0  34610-5 0  9996
2 43077  86.3998  25.3928 0002320  97.3768 262.7692 14.34216339298966
IRIDIUM 153             
1 43078U 17083J   23250.69698174  .00000392  00000+0  13281-3 0  9994
2 43078  86.4025 354.0312 0002580  93.0672 267.0819 14.34214927300013
IRIDIUM 131             
1 43079U 17083K   23250.38327084  .00000359  00000+0  12096-3 0  9996
2 43079  86.3992  25.8066 0002398  96.8011 263.3458 14.34215279298790
IRIDIUM 144             
1 43249U 18030A   23251.05215907  .00000381  00000+0  12909-3 0  9991
2 43249  86.4029 353.8388 0002107  87.6761 272.4676 14.34222412284942
IRIDIUM 149             
1 43250U 18030B   23250.70967079  .00000097  00000+0  27659-4 0  9991
2 43250  86.4029 353.9598 0002048  88.9367 271.2063 14.34216126284894
IRIDIUM 157             
1 43251U 18030C   23250.72869834  .00000358  00000+0  12084-3 0  9999
2 43251  86.4033 353.9825 0002221  98.9404 261.2043 14.34215909284872
IRIDIUM 140             
1 43252U 18030D   23250.74772550  .00000363  00000+0  12263-3 0  9995
2 43252  86.4029 353.9895 0002275  86.4294 273.7162 14.34222904284933
IRIDIUM 145             
1 43253U 18030E   23250.87457466  .00000390  00000+0  13221-3 0  9991
2 43253  86.4006 353.9133 0001902  75.4288 284.7118 14.34214074284887
IRIDIUM 146             
1 43254U 18030F   23250.85554908  .00000032  00000+0  42159-5 0  9996
2 43254  86.4026 353.9345 0001985  92.8249 267.3174 14.34218096284894
IRIDIUM 148             
1 43255U 18030G   23250.68430741  .00000370  00000+0  12488-3 0  9991
2 43255  86.4030 354.0343 0001846  94.3937 265.7470 14.34218037284905
IRIDIUM 142             
1 43256U 18030H   23250.37351269  .00000224  00000+0  73089-4 0  9998
2 43256  86.4026 354.0893 0002054  96.1688 263.9742 14.34216588284828
IRIDIUM 150             
1 43257U 18030J   23250.69064318  .00000025  00000+0  18623-5 0  9993
2 43257  86.4030 354.0407 0002357  88.0330 272.1135 14.34214848284910
IRIDIUM 143             
1 43258U 18030K   23250.74136959  .00000344  00000+0  11566-3 0  9992
2 43258  86.4032 354.0716 0001961  91.3755 268.7665 14.34222651284835
IRIDIUM 161             
1 43478U 18047C   23250.69079366  .00000041  00000+0  61612-5 0  9999
2 43478  86.4543 152.0742 0002359  82.1796 277.9673 14.43275401278954
IRIDIUM 152             
1 43479U 18047D   23250.99318493  .00000341  00000+0  11485-3 0  9994
2 43479  86.4019 151.8086 0001935  80.9057 279.2358 14.34218763277273
IRIDIUM 147             
1 43480U 18047E   23250.85998446  .00000331  00000+0  11110-3 0  9997
2 43480  86.4021 151.8517 0002231  87.7293 272.4158 14.34219113277244
IRIDIUM 110             
1 43481U 18047F   23250.79655320  .00000354  00000+0  11934-3 0  9991
2 43481  86.4023 151.9434 0002470  82.0947 278.0529 14.34220803277225
IRIDIUM 162             
1 43482U 18047G   23251.10045343  .00000460  00000+0  13085-3 0  9993
2 43482  86.4544 151.8077 0002239  83.1245 277.0210 14.43286910279007
IRIDIUM 160             
1 43569U 18061A   23251.09123237  .00000018  00000+0 -78916-6 0  9999
2 43569  86.3953 120.2133 0001908  90.0731 270.0683 14.34217687268165
IRIDIUM 166             
1 43570U 18061B   23251.11660370  .00000126  00000+0  37913-4 0  9997
2 43570  86.3955 120.1671 0002183  79.3545 280.7896 14.34216652268192
IRIDIUM 158             
1 43571U 18061C   23250.03835816  .00000321  00000+0  10746-3 0  9998
2 43571  86.3956 120.6269 0001752  75.8607 284.2784 14.34216420268012
IRIDIUM 165             
1 43572U 18061D   23251.11025969  .00000349  00000+0  11773-3 0  9990
2 43572  86.3958 120.2059 0001760  77.6337 282.5056 14.34214018268189
IRIDIUM 155             
1 43573U 18061E   23250.58383151  .00000246  00000+0  80724-4 0  9990
2 43573  86.3954 120.3449 0002345  84.9537 275.1926 14.34215707268082
IRIDIUM 154             
1 43574U 18061F   23250.63456316  .00000289  00000+0  96060-4 0  9998
2 43574  86.3959 120.4079 0001923  91.8053 268.3363 14.34219285268139
IRIDIUM 163             
1 43575U 18061G   23251.10392068  .00000305  00000+0  10170-3 0  9991
2 43575  86.3954 120.1582 0002055  86.0052 274.1379 14.34216323268179
IRIDIUM 156             
1 43576U 18061H   23251.07854927  .00000356  00000+0  11992-3 0  9994
2 43576  86.3955 120.1750 0002189  78.6043 281.5399 14.34216647268154
IRIDIUM 164             
1 43577U 18061J   23250.64090958  .00000261  00000+0  85982-4 0  9999
2 43577  86.3956 120.3826 0001949  80.1674 279.9741 14.34218548268146
IRIDIUM 159             
1 43578U 18061K   23251.09757686  .00000013  00000+0 -25834-5 0  9995
2 43578  86.3952 120.1497 0002123  88.0992 272.0447 14.34215242268178
IRIDIUM 180             
1 43922U 19002A   23250.39938638  .00000127  00000+0  38230-4 0  9992
2 43922  86.3936  57.2714 0001931  92.8145 267.3272 14.34218659243681
IRIDIUM 176             
1 43923U 19002B   23250.89640999  .00000496  00000+0  74775-4 0  9991
2 43923  86.6067  57.0983 0002273  89.7448 270.4029 14.72253920250165
IRIDIUM 168             
1 43924U 19002C   23250.53258751  .00000111  00000+0  32495-4 0  9991
2 43924  86.3943  57.2644 0002017  92.4705 267.6722 14.34216682243684
IRIDIUM 173             
1 43925U 19002D   23251.00829083  .00000124  00000+0  37100-4 0  9999
2 43925  86.3935  56.9955 0002089  93.2406 266.9029 14.34217858243748
IRIDIUM 169             
1 43926U 19002E   23250.82465962  .00000116  00000+0  31501-4 0  9991
2 43926  86.4170  88.7111 0005446  84.7098 275.4721 14.38619013244535
IRIDIUM 172             
1 43927U 19002F   23250.58330414  .00000113  00000+0  33313-4 0  9998
2 43927  86.3936  57.1783 0002014  92.8566 267.2861 14.34215333243680
IRIDIUM 175             
1 43928U 19002G   23250.89020718  .00001224  00000+0  19009-3 0  9995
2 43928  86.1504  46.2529 0002206  91.4759 268.6710 14.72255954250152
IRIDIUM 171             
1 43929U 19002H   23250.98290603  .00000131  00000+0  39544-4 0  9991
2 43929  86.3946  57.2051 0001927  91.3216 268.8201 14.34218167243739
IRIDIUM 170             
1 43930U 19002J   23250.49476416  .00000456  00000+0  68481-4 0  9999
2 43930  86.6069  57.2714 0002358  88.4044 271.7443 14.72255844250117
IRIDIUM 167             
1 43931U 19002K   23250.41841725  .00000123  00000+0  36859-4 0  9996
2 43931  86.3937  57.2608 0001963  89.9416 270.2004 14.34217555243654
IRIDIUM 181             
1 56726U 23068S   23251.08752183  .00000317  00000+0  87725-4 0  9995
2 56726  86.8578  97.0217 0002239  50.0812 310.0586 14.43587776 16291
IRIDIUM 177             
1 56727U 23068T   23250.02792271  .00000542  00000+0  67745-4 0  9991
2 56727  86.1930  90.2748 0001950  92.1557 267.9887 14.80236523 16345
IRIDIUM 174             
1 56728U 23068U   23250.63090815  .00000509  00000+0  63533-4 0  9998
2 56728  86.1906  90.0703 0002381  94.2083 265.9410 14.80210761 16430
IRIDIUM 178             
1 56729U 23068V   23250.21945391  .00000796  00000+0  10126-3 0  9998
2 56729  86.5733  94.2767 0002308  94.0142 266.1343 14.80243077 16379
IRIDIUM 179             
1 56730U 23068W   23251.09289766  .00000796  00000+0  10140-3 0  9990
2 56730  86.6740  94.4733 0002255  95.5614 264.5864 14.80201402 16507
