COSMOS 2361 [-]         
1 25590U 98076A   24012.89079823  .00000091  00000+0  81981-4 0  9996
2 25590  82.9355 141.5369 0032427  53.1949  65.8004 13.73093625255063
COSMOS 2378 [-]         
1 26818U 01023A   24012.91028574  .00000060  00000+0  48101-4 0  9999
2 26818  82.9283 158.4897 0032820 357.7945 114.2959 13.74027084133123
COSMOS 2389 [-]         
1 27436U 02026A   24012.80402719  .00000117  00000+0  10573-3 0  9999
2 27436  82.9511 105.0117 0045796 211.7370 271.6869 13.75040419 85294
COSMOS 2398 [-]         
1 27818U 03023A   24012.71509069  .00000103  00000+0  96476-4 0  9999
2 27818  82.9470  68.5240 0030020 256.5334 226.3486 13.72273798 32157
COSMOS 2407 [+]         
1 28380U 04028A   24012.98308920  .00000082  00000+0  68078-4 0  9995
2 28380  82.9604  11.0649 0038471 209.1653 209.2547 13.76186630977971
COSMOS 2414 [+]         
1 28521U 05002A   24013.05503983  .00000069  00000+0  44555-4 0  9999
2 28521  82.9505 353.7914 0039748 338.0516  21.8943 13.87744372961232
COSMOS 2429 [-]         
1 32052U 07038A   24012.88252919  .00000093  00000+0  80613-4 0  9996
2 32052  82.9819 139.0771 0038384 188.5869 171.4635 13.75029652819937
COSMOS 2454 [-]         
1 35635U 09039A   24012.99804400  .00000115  00000+0  80902-4 0  9995
2 35635  82.9576 339.1134 0017809 275.5571 150.5168 13.89773104734498
COSMOS 2463 [+]         
1 36519U 10017A   24012.95754841  .00000081  00000+0  72210-4 0  9999
2 36519  82.9606 180.8135 0037300  69.9030  52.6793 13.71537388686449
