SCD 1                   
1 22490U 93009B   23250.68695435  .00000568  00000+0  10685-3 0  9997
2 22490  24.9707 340.2760 0042492 219.3565 275.6391 14.44992252614301
TECHSAT 1B (GO-32)      
1 25397U 98043D   23251.13849226  .00000131  00000+0  77026-4 0  9998
2 25397  98.8767 209.3409 0000287 215.5716 144.5443 14.23905588307352
SCD 2                   
1 25504U 98060A   23251.12792487  .00000542  00000+0  10263-3 0  9997
2 25504  24.9945 195.1158 0016992 224.8241 248.9364 14.44488857313995
LANDSAT 7               
1 25682U 99020A   23251.12402038  .00000525  00000+0  11807-3 0  9997
2 25682  97.9237 285.8567 0001648 102.9366 321.0987 14.60214586297880
DLR-TUBSAT              
1 25757U 99029B   23251.11066394  .00000175  00000+0  55199-4 0  9993
2 25757  98.5410 204.5166 0014069 188.5670 171.5287 14.51703893286327
TERRA                   
1 25994U 99068A   23251.15986035  .00000592  00000+0  13488-3 0  9993
2 25994  98.0878 317.4701 0002595 138.2367 275.5102 14.59300444261886
MAROC-TUBSAT            
1 27004U 01056D   23250.88823431 -.00000002  00000+0  49694-4 0  9992
2 27004  99.6932  37.8013 0019330 219.7360 294.3809 13.70182300 87419
AQUA                    
1 27424U 02022A   23251.11358118  .00001169  00000+0  26286-3 0  9999
2 27424  98.2916 195.2698 0000810  63.9337  66.0381 14.58293727135445
IRS-P6 (RESOURCESAT-1)  
1 28051U 03046A   23251.12705296  .00000316  00000+0  12440-3 0  9997
2 28051  98.3523 313.4503 0059720 124.4360 293.6578 14.34418317 35194
SHIYAN 1 (SY-1)         
1 28220U 04012A   23250.78662316  .00006942  00000+0  47221-3 0  9991
2 28220  97.9887 262.3661 0008581 269.6262  90.3981 15.06639523 57254
AURA                    
1 28376U 04026A   23250.90029543  .00001150  00000+0  26187-3 0  9995
2 28376  98.2142 193.4725 0001077  83.6756 276.4565 14.57698894 18392
IRS-P5 (CARTOSAT-1)     
1 28649U 05017A   23251.11187110  .00001745  00000+0  20773-3 0  9993
2 28649  97.6590 300.7552 0002050 133.3710 226.7677 14.85559027993187
SINAH 1                 
1 28893U 05043D   23250.32984012  .00000612  00000+0  13078-3 0  9993
2 28893  98.1618  11.9454 0014453 208.3356 151.7060 14.62216764952244
EROS B                  
1 29079U 06014A   23251.10354778  .00025938  00000+0  10696-2 0  9996
2 29079  97.3352   8.3631 0017606 105.6678 254.6503 15.23901664964531
RESURS-DK 1             
1 29228U 06021A   23250.78871784  .00002413  00000+0  17545-3 0  9998
2 29228  69.9350  67.4321 0001532 103.5200 256.6133 15.05253277949647
ARIRANG-2 (KOMPSAT-2)   
1 29268U 06031A   23251.12098374  .00000368  00000+0  80182-4 0  9993
2 29268  97.8959 106.9647 0015921  46.6347  65.3218 14.63199078913340
LAPAN-TUBSAT            
1 29709U 07001A   23251.15122177  .00000871  00000+0  11317-3 0  9995
2 29709  98.0284 219.0368 0011309 237.4414 122.5708 14.83257840900846
CARTOSAT-2 (IRS-P7)     
1 29710U 07001B   23250.86459485  .00053700  00000+0  56360-3 0  9995
2 29710  97.9015  36.8368 0082686 258.9297 100.2652 15.59914030905162
HAIYANG-1B              
1 31113U 07010A   23250.75249261  .00000118  00000+0  61241-4 0  9992
2 31113  98.2977 260.7846 0013059 331.7519  28.2955 14.30463895855713
COSMO-SKYMED 1          
1 31598U 07023A   23251.06437624  .00000701  00000+0  94570-4 0  9999
2 31598  97.8886  73.3429 0001470  90.3121 269.8261 14.82159689879269
TERRASAR-X              
1 31698U 07026A   23251.00600928  .00002272  00000+0  11134-3 0  9995
2 31698  97.4466 257.2197 0001895  79.2789 280.8659 15.19153651900063
WORLDVIEW-1 (WV-1)      
1 32060U 07041A   23251.04661187  .00010336  00000+0  41912-3 0  9991
2 32060  97.3965   9.5184 0001001 289.2266  70.8864 15.24817080888672
YAOGAN 3                
1 32289U 07055A   23251.12341723  .00002359  00000+0  29481-3 0  9992
2 32289  97.9172 274.1163 0001922 102.4324 257.7104 14.83275219855348
COSMO-SKYMED 2          
1 32376U 07059A   23251.09813570  .00000716  00000+0  96491-4 0  9994
2 32376  97.8886  73.3764 0001351  87.7051 272.4317 14.82162747852011
RADARSAT-2              
1 32382U 07061A   23251.13979462  .00000121  00000+0  63784-4 0  9991
2 32382  98.5798 256.5925 0001230  89.7019 270.4304 14.29984509821282
CARTOSAT-2A             
1 32783U 08021A   23251.11933147  .00001088  00000+0  15516-3 0  9993
2 32783  97.9087 310.2081 0013117 153.2116 206.9775 14.78689768829179
HUANJING 1A (HJ-1A)     
1 33320U 08041A   23251.07196147  .00000905  00000+0  12984-3 0  9992
2 33320  97.6434 267.2557 0019877 210.9649 149.0393 14.78625375808501
HUANJING 1B (HJ-1B)     
1 33321U 08041B   23251.10120166  .00001084  00000+0  15105-3 0  9992
2 33321  97.6442 271.6863 0037451 260.0437  99.6548 14.79224101808515
GEOEYE 1                
1 33331U 08042A   23251.09819249  .00000686  00000+0  13891-3 0  9996
2 33331  98.0797 323.8326 0006392 337.0554  23.0362 14.64289606801886
THEOS                   
1 33396U 08049A   23251.12687622  .00000065  00000+0  50835-4 0  9997
2 33396  98.6971 317.5014 0001262  91.4873 268.6448 14.20036417774206
COSMO-SKYMED 3          
1 33412U 08054A   23251.03272881  .00003399  00000+0  31887-3 0  9997
2 33412  97.8895  80.9235 0018472  77.3468 282.9816 14.94555187804956
YAOGAN 4                
1 33446U 08061A   23251.05602189  .00001519  00000+0  21426-3 0  9992
2 33446  97.8530 183.9870 0017039 120.9764 239.3123 14.78563576795702
GOSAT (IBUKI)           
1 33492U 09002A   23250.75907491  .00001080  00000+0  19855-3 0  9995
2 33492  98.0168   2.9304 0001246  88.9530 271.1818 14.67577270782820
YAOGAN 6                
1 34839U 09021A   23250.90894611  .00012096  00000+0  32881-3 0  9991
2 34839  97.1341 218.6948 0024345 126.5033 233.8460 15.37387152799799
DEIMOS-1                
1 35681U 09041A   23251.12731960  .00000695  00000+0  11636-3 0  9998
2 35681  97.6828  83.3769 0001162 154.4276 205.6990 14.72658178757649
DUBAISAT-1              
1 35682U 09041B   23250.95377033  .00001489  00000+0  25415-3 0  9998
2 35682  97.8670  31.2465 0012454  81.2513 279.0103 14.70319823756008
OCEANSAT-2              
1 35931U 09051A   23251.15560769 -.00000128  00000+0 -62022-4 0  9996
2 35931  98.3075 321.7231 0016011 212.1638 147.8552 13.99382971737636
WORLDVIEW-2 (WV-2)      
1 35946U 09055A   23251.09439649  .00000190  00000+0  77910-4 0  9990
2 35946  98.4450 324.4009 0002321  65.9269 294.2160 14.37482131730228
SMOS                    
1 36036U 09059A   23250.79555416  .00000427  00000+0  15014-3 0  9991
2 36036  98.4442  76.8481 0001271  93.1485 266.9848 14.39763726727632
YAOGAN 7                
1 36110U 09069A   23251.10098589  .00000631  00000+0  99645-4 0  9994
2 36110  98.1449 120.4659 0026972  57.1405 303.2395 14.75638113740132
TANDEM-X                
1 36605U 10030A   23251.00600818  .00002238  00000+0  10973-3 0  9997
2 36605  97.4474 257.2197 0001813  92.9011 267.2431 15.19153439732812
CARTOSAT-2B             
1 36795U 10035A   23251.15631326  .00001034  00000+0  14775-3 0  9993
2 36795  97.9031 310.0839 0012224 230.6405 129.3724 14.78724840710221
YAOGAN 10               
1 36834U 10038A   23251.10862707  .00000915  00000+0  12185-3 0  9994
2 36834  97.9657 264.7633 0001674  97.5058 333.2225 14.82059444707063
COSMO-SKYMED 4          
1 37216U 10060A   23251.04327113  .00000690  00000+0  93183-4 0  9992
2 37216  97.8886  73.3222 0001442  83.1388 276.9989 14.82165048694556
RESOURCESAT-2           
1 37387U 11015A   23251.09788678  .00000178  00000+0  10068-3 0  9995
2 37387  98.6155 319.1955 0003937 200.5348 159.5671 14.21672503642761
HAIYANG-2A              
1 37781U 11043A   23251.03828475  .00000012  00000+0  55142-4 0  9998
2 37781  99.3239 254.2292 0001609  96.2359 263.8976 13.78749342607315
RASAT                   
1 37791U 11044D   23251.13717326  .00000766  00000+0  14917-3 0  9993
2 37791  98.0872 342.0947 0022168 155.1417 271.6920 14.65679119644678
SRMSAT                  
1 37841U 11058D   23250.81762390  .00000470  00000+0  11249-3 0  9996
2 37841  19.9724  70.4159 0011799 219.8178 169.7878 14.10937304614498
YAOGAN 13               
1 37941U 11072A   23251.10675841  .00014236  00000+0  49071-3 0  9999
2 37941  97.6868 216.5239 0001299  93.1148 267.0241 15.30122240653012
PLEIADES 1A             
1 38012U 11076F   23251.15364086  .00000470  00000+0  11104-3 0  9995
2 38012  98.1939 324.8642 0001545  89.5334 324.9070 14.58533902624334
ZIYUAN 1-02C (ZY 1-02C) 
1 38038U 11079A   23251.15497615  .00000552  00000+0  20361-3 0  9997
2 38038  98.5362 317.6948 0007852  91.5685 321.1349 14.36327463613733
ZIYUAN 3-1 (ZY 3-1)     
1 38046U 12001A   23251.11656509  .00010373  00000+0  42450-3 0  9992
2 38046  97.2890 315.1425 0004663  49.2094 310.9548 15.24495235647722
ARIRANG-3 (KOMPSAT-3)   
1 38338U 12025B   23251.09129090  .00000790  00000+0  16667-3 0  9992
2 38338  98.2241 192.8188 0011539  49.7029 310.5179 14.62108758603366
KANOPUS-V 1             
1 38707U 12039A   23250.39167290  .00010467  00000+0  33834-3 0  9990
2 38707  97.4754 177.5162 0002814  78.2872 281.8685 15.32269207617550
EXACTVIEW-1 (ADS-1B)    
1 38709U 12039C   23251.15389715  .00000165  00000+0  91437-4 0  9993
2 38709  98.9668 332.5800 0010564 205.7014 154.3640 14.24276661578463
SPOT 6                  
1 38755U 12047A   23251.09053668  .00000505  00000+0  11846-3 0  9994
2 38755  98.1825 317.2101 0001061 101.1540 258.9778 14.58573640585409
PLEIADES 1B             
1 39019U 12068A   23251.10887463  .00000482  00000+0  11343-3 0  9997
2 39019  98.1890 324.7441 0001342  91.1773 268.9580 14.58546591573171
GOKTURK 2               
1 39030U 12073A   23251.08140645  .00000626  00000+0  10410-3 0  9991
2 39030  97.7912 118.8322 0001841  67.9909 292.1495 14.73319356575248
LANDSAT 8               
1 39084U 13008A   23251.14974052  .00000567  00000+0  13605-3 0  9996
2 39084  98.2199 320.0395 0001217  92.0939 268.0399 14.57097091562192
SARAL                   
1 39086U 13009A   23250.88433904  .00000151  00000+0  72246-4 0  9991
2 39086  98.5499  74.9805 0002835  58.6853 301.4608 14.32254811550528
GAOFEN 1                
1 39150U 13018A   23251.12415134  .00000889  00000+0  13468-3 0  9994
2 39150  98.0238 320.9701 0019661 285.3488  74.5549 14.76532430558785
VNREDSAT 1              
1 39160U 13021B   23251.14817909  .00000812  00000+0  16748-3 0  9997
2 39160  98.0339 320.9821 0001103  93.1270 267.0058 14.62999509552076
ARIRANG-5 (KOMPSAT-5)   
1 39227U 13042A   23251.04391519  .00002153  00000+0  15807-3 0  9992
2 39227  97.6218  75.9066 0001824  51.2450 308.8938 15.04508173551580
SKYSAT-A                
1 39418U 13066C   23250.75438653  .00002395  00000+0  18356-3 0  9998
2 39418  97.5272 314.4101 0026125 184.4860 175.6135 15.02511854535755
DUBAISAT-2              
1 39419U 13066D   23251.10311506  .00003265  00000+0  28439-3 0  9996
2 39419  97.4127 265.1452 0012354 205.1128 154.9495 14.97498737534128
GPM-CORE                
1 39574U 14009C   23250.84458680  .00020096  00000+0  27976-3 0  9997
2 39574  64.9916 104.8709 0009930 267.2766  92.7245 15.56954675541227
SENTINEL-1A             
1 39634U 14016A   23251.08776604  .00001578  00000+0  34448-3 0  9994
2 39634  98.1830 257.2600 0001401  87.7567 272.3793 14.59199337502308
KAZEOSAT 1              
1 39731U 14024A   23251.11241098  .00000281  00000+0  99060-4 0  9991
2 39731  98.4242 326.7793 0001176 105.7235 254.4084 14.42011743492604
ALOS-2                  
1 39766U 14029A   23251.13433949  .00002540  00000+0  34681-3 0  9991
2 39766  97.9220 346.8400 0001527  99.1051 261.0333 14.79480902501825
KAZEOSAT 2              
1 40010U 14033A   23251.12955242  .00000702  00000+0  94623-4 0  9995
2 40010  97.6598 123.9644 0013576  58.0027 302.2504 14.82035059498750
HODOYOSHI-4             
1 40011U 14033B   23251.09655360  .00001382  00000+0  17547-3 0  9994
2 40011  97.6158 109.4729 0027243  52.8263 307.5433 14.82936444498393
DEIMOS-2                
1 40013U 14033D   23251.13282155  .00002015  00000+0  23071-3 0  9992
2 40013  97.7117 141.1149 0002676  85.2801 274.8720 14.87025801499679
HODOYOSHI-3             
1 40015U 14033F   23251.10950871  .00001260  00000+0  17151-3 0  9991
2 40015  97.6049  86.8632 0037574  81.7327 278.8144 14.79911374497510
SPOT 7                  
1 40053U 14034A   23251.10987792  .00000631  00000+0  14481-3 0  9990
2 40053  98.1971 317.2242 0001530 103.6920 256.4450 14.58791536489332
SKYSAT-B                
1 40072U 14037D   23250.54191460  .00001235  00000+0  15974-3 0  9999
2 40072  98.3484 144.8737 0005465 330.8024  29.2881 14.82827228495478
WORLDVIEW-3 (WV-3)      
1 40115U 14048A   23251.08985428  .00001366  00000+0  16703-3 0  9990
2 40115  97.8393 323.7491 0002572  82.5812 277.5695 14.84843262491583
GAOFEN 2                
1 40118U 14049A   23251.13574595  .00001284  00000+0  17353-3 0  9990
2 40118  97.7063 308.6248 0004059 298.3688  61.7116 14.80664089489347
YAOGAN 21               
1 40143U 14053A   23251.11141125  .00010661  00000+0  44981-3 0  9996
2 40143  97.2963 312.7717 0012155  84.2546 276.0077 15.23397625500716
YAOGAN 22               
1 40275U 14063A   23251.08458450  .00000005  00000+0  13406-3 0  9990
2 40275 100.6244  16.6725 0005896 317.3083  42.7570 13.15463709426609
ASNARO                  
1 40298U 14070A   23251.12826851  .00014340  00000+0  67425-3 0  9999
2 40298  97.4355 332.4141 0008803 158.0025 202.1589 15.19653559490184
HODOYOSHI-1             
1 40299U 14070B   23251.11142273  .00014913  00000+0  43141-3 0  9993
2 40299  97.1863 311.6948 0009228 350.5755   9.5315 15.35661356491528
QSAT-EOS                
1 40301U 14070D   23251.11135739  .00100696  00000+0  79198-3 0  9991
2 40301  97.1439 321.4123 0008081 253.3013 106.7363 15.71140339492817
YAOGAN 23               
1 40305U 14071A   23251.12222848  .00017867  00000+0  57114-3 0  9996
2 40305  97.6604 217.1024 0002937  82.1500 278.0074 15.32502780488821
YAOGAN 24               
1 40310U 14072A   23251.07013228  .00001120  00000+0  16926-3 0  9998
2 40310  98.0238  12.0475 0012932 277.9820  81.9922 14.76194234474266
CBERS 4                 
1 40336U 14079A   23251.12311820  .00000179  00000+0  77260-4 0  9990
2 40336  98.4369 321.3069 0001957  98.8416 261.2991 14.35457622458634
RESURS P2               
1 40360U 14087A   23251.04649720  .00015128  00000+0  31385-3 0  9997
2 40360  97.1767 333.5822 0005996 262.9887  97.0680 15.45782262487156
YAOGAN 26               
1 40362U 14088A   23251.11115050  .00013580  00000+0  56381-3 0  9995
2 40362  97.0888 282.9953 0007561   0.9150 359.2100 15.23920705484199
SMAP                    
1 40376U 15003A   23250.88248852  .00000730  00000+0  15021-3 0  9997
2 40376  98.1302 256.2822 0001041  78.3565 281.7754 14.63391966459428
KOMPSAT-3A              
1 40536U 15014A   23251.09181530  .00006861  00000+0  35986-3 0  9993
2 40536  97.5757 194.7893 0003673 158.3417 201.7972 15.16073176466730
SENTINEL-2A             
1 40697U 15028A   23251.09568617  .00000169  00000+0  81035-4 0  9993
2 40697  98.5644 324.4274 0001211 103.0858 257.0460 14.30819254428869
GAOFEN 8                
1 40701U 15030A   23251.12098357  .00013419  00000+0  56694-3 0  9999
2 40701  97.6207  35.7605 0007010 270.2502  89.7931 15.23354234456540
CARBONITE 1 (CBNT-1)    
1 40718U 15032D   23251.08449925  .00001708  00000+0  24940-3 0  9992
2 40718  97.6839  99.8922 0016444  10.0525 350.1011 14.76891336439459
YAOGAN 27               
1 40878U 15040A   23251.10158080 -.00000016  00000+0  69279-4 0  9997
2 40878 100.0937 268.0932 0008787  36.5304 323.6408 13.15998077385912
GAOFEN 9-01             
1 40894U 15047A   23251.11207064  .00000100  00000+0  20659-4 0  9992
2 40894  97.7688 311.0420 0031063 199.9557 160.0442 14.78152917430257
LAPAN-A2                
1 40931U 15052B   23250.59067432  .00001278  00000+0  87059-4 0  9998
2 40931   5.9986 218.2526 0012810  20.3608 339.7029 14.77342500429442
YAOGAN 28               
1 41026U 15064A   23250.92872435  .00000218  00000+0  12313-4 0  9995
2 41026  97.6146  43.3465 0006556  91.7189 268.4798 15.23267822436364
YAOGAN 29               
1 41038U 15069A   23251.11782652  .00000668  00000+0  92142-4 0  9993
2 41038  98.0646 258.8258 0002525  91.5376 268.6125 14.81461228420557
KENT RIDGE 1            
1 41167U 15077B   23251.01214404  .00004139  00000+0  19267-3 0  9992
2 41167  14.9797 181.6772 0010348  94.4836 265.6667 15.12498367427041
TELEOS 1                
1 41169U 15077D   23251.10516258  .00014211  00000+0  59523-3 0  9997
2 41169  14.9802 125.2452 0007905 198.8743 161.1286 15.20539408427565
GAOFEN 4                
1 41194U 15083A   23251.10743677 -.00000347  00000+0  00000+0 0  9997
2 41194   0.0388 285.8032 0000500 237.6514 327.7764  1.00276935 28336
JASON-3                 
1 41240U 16002A   23251.08554666 -.00000040  00000+0  91795-4 0  9992
2 41240  66.0402  79.3370 0007470 267.4174  92.5986 12.80930413357385
SENTINEL-3A             
1 41335U 16011A   23251.12023614  .00000153  00000+0  81171-4 0  9997
2 41335  98.6310 316.9579 0001064 107.4133 252.7164 14.26733224393607
ZIYUAN 3-2 (ZY 3-2)     
1 41556U 16033A   23251.12233566  .00008828  00000+0  39891-3 0  9993
2 41556  97.4880 323.7131 0007680 105.7721 254.4362 15.21161784403967
NUSAT-1 (FRESCO)        
1 41557U 16033B   23250.93480114  .00197774  00000+0  12536-2 0  9990
2 41557  97.3869   3.0061 0006112 208.9364 151.1563 15.75944135406587
NUSAT-2 (BATATA)        
1 41558U 16033C   23250.86641265  .00302455  00000+0  12057-2 0  9991
2 41558  97.4144  12.1320 0005981 220.3544 139.7284 15.85835266406964
CARTOSAT-2C             
1 41599U 16040A   23251.13973587  .00006235  00000+0  29873-3 0  9992
2 41599  97.4287 310.0870 0014011  62.7620 297.5040 15.19199874399907
SKYSAT-C1               
1 41601U 16040C   23250.19202142  .00015742  00000+0  40252-3 0  9990
2 41601  97.1049 318.3585 0001008 138.2824 221.8499 15.39518610402699
LAPAN-A3                
1 41603U 16040E   23251.12373763  .00002993  00000+0  13018-3 0  9998
2 41603  97.1637 272.8640 0013375  31.4633 328.7402 15.22913973400111
BIROS                   
1 41604U 16040F   23251.09265599  .00009378  00000+0  31875-3 0  9997
2 41604  97.1584 283.7616 0009534 354.4195   5.6938 15.30627122400774
GAOFEN 3                
1 41727U 16049A   23251.09485979  .00000114  00000+0  47708-4 0  9990
2 41727  98.4089 257.9169 0001697  75.2799 284.8579 14.42221829372619
SKYSAT-C4               
1 41771U 16058B   23250.59162225  .00015507  00000+0  39546-3 0  9991
2 41771  97.0581 306.3096 0000941  74.2951 285.8400 15.39602228389725
SKYSAT-C5               
1 41772U 16058C   23251.13401930  .00013018  00000+0  39417-3 0  9994
2 41772  97.2060 307.8751 0002720  79.7001 280.4549 15.34289849388210
SKYSAT-C2               
1 41773U 16058D   23251.13126043  .00016685  00000+0  43124-3 0  9997
2 41773  97.0600 307.0648 0003613 149.3143 210.8315 15.39169923389819
SKYSAT-C3               
1 41774U 16058E   23251.12900285  .00020585  00000+0  46369-3 0  9993
2 41774  97.0593 310.3493 0009029 150.3925 209.7836 15.43256588390033
ALSAT 1B                
1 41785U 16059C   23251.10480077  .00000481  00000+0  87078-4 0  9992
2 41785  97.8550 285.3640 0008478 231.5858 128.4588 14.70519093371598
PATHFINDER 1            
1 41787U 16059E   23251.06011115  .00000772  00000+0  15265-3 0  9993
2 41787  97.8620 281.1392 0029804 186.6004 173.4812 14.64746431371248
SCATSAT 1               
1 41790U 16059H   23251.13765200  .00000347  00000+0  98251-4 0  9991
2 41790  98.2636 293.7037 0003495 260.8373  99.2427 14.51279317367995
GOKTURK 1A              
1 41875U 16073A   23251.11606456  .00000574  00000+0  12175-3 0  9998
2 41875  98.1254 144.4173 0001377  81.8614 278.2744 14.62768682360728
RESOURCESAT-2A          
1 41877U 16074A   23251.14897855  .00000185  00000+0  10406-3 0  9992
2 41877  98.6768 324.8946 0002028 106.9831 253.1569 14.21629940350376
CARTOSAT-2D             
1 41948U 17008A   23251.10531700  .00006852  00000+0  32824-3 0  9994
2 41948  97.4693 309.3764 0005695 191.0930 169.0180 15.19243817363767
SENTINEL-2B             
1 42063U 17013A   23251.13063748  .00000158  00000+0  77026-4 0  9991
2 42063  98.5637 324.4600 0001175  99.1283 261.0033 14.30820504339782
ZHUHAI-1 02 (CAS-4B)    
1 42759U 17034B   23250.82527205  .00010871  00000+0  52097-3 0  9997
2 42759  43.0168  15.7874 0012355 276.3584  83.5857 15.18901548344193
NUSAT-3 (MILANESAT)     
1 42760U 17034C   23250.79768809  .00013077  00000+0  59771-3 0  9999
2 42760  43.0131   6.7412 0014876 296.9187  63.0142 15.20371460344311
ZHUHAI-1 01 (CAS-4A)    
1 42761U 17034D   23250.84109295  .00011749  00000+0  56158-3 0  9994
2 42761  43.0161  14.2206 0013136 277.8354  82.1003 15.18922067344200
CARTOSAT-2E             
1 42767U 17036C   23251.12060271  .00006910  00000+0  33063-3 0  9998
2 42767  97.4474 309.0769 0006038 255.5789 104.4775 15.19278760344336
FORMOSAT-5              
1 42920U 17049A   23251.08850214  .00000258  00000+0  76736-4 0  9996
2 42920  98.3178 327.5511 0009499 322.5838  37.4695 14.50879858319777
SENTINEL-5P             
1 42969U 17064A   23250.76806855  .00000092  00000+0  64324-4 0  9998
2 42969  98.7062 189.3196 0001374  96.4535 263.6798 14.19532404305785
SKYSAT-C11              
1 42987U 17068A   23250.57388203  .00017938  00000+0  45726-3 0  9994
2 42987  97.3303  13.1298 0004183   6.6069 353.5231 15.39583543327149
SKYSAT-C10              
1 42988U 17068B   23250.96445701  .00020559  00000+0  51880-3 0  9996
2 42988  97.3364  14.1629 0001548  11.0981 349.0299 15.39871453327235
SKYSAT-C9               
1 42989U 17068C   23249.81589355  .00019242  00000+0  49047-3 0  9992
2 42989  97.3297  11.8280 0009245 155.9448 204.2231 15.39535503327259
SKYSAT-C8               
1 42990U 17068D   23251.08865406  .00013031  00000+0  36859-3 0  9997
2 42990  97.3388  14.6137 0001906 315.6772  44.4320 15.36442539327262
SKYSAT-C7               
1 42991U 17068E   23248.66919370  .00016708  00000+0  42616-3 0  9990
2 42991  97.3396  12.4022 0003187 350.8490   9.2697 15.39583625326903
SKYSAT-C6               
1 42992U 17068F   23250.34718447  .00018707  00000+0  47515-3 0  9995
2 42992  97.3419  14.6179 0003480 357.8481   2.2749 15.39687547327179
CARTOSAT-2F             
1 43111U 18004A   23251.15420609  .00006197  00000+0  29728-3 0  9996
2 43111  97.4748 309.4386 0001990 263.2820  96.8188 15.19240448313528
NUSAT-4 (ADA)           
1 43195U 18015D   23251.08914722  .00077150  00000+0  10171-2 0  9994
2 43195  97.5816  52.1472 0008449 239.0105 121.0321 15.58121942312145
NUSAT-5 (MARYAM)        
1 43204U 18015K   23251.04472845  .00086841  00000+0  10656-2 0  9991
2 43204  97.5812  53.2803 0008258 240.4296 119.6137 15.59993211311804
GAOFEN 1-02             
1 43259U 18031A   23251.11721622  .00001156  00000+0  17284-3 0  9998
2 43259  97.8570 321.8674 0003749  15.4771 344.6553 14.76555286293205
GAOFEN 1-03             
1 43260U 18031B   23251.09544742  .00000052  00000+0  14551-4 0  9992
2 43260  97.8563 321.7866 0006449  86.4423 273.7525 14.76525433293193
GAOFEN 1-04             
1 43262U 18031D   23251.13866680  .00001208  00000+0  18041-3 0  9998
2 43262  97.8572 321.9056 0003839  52.1274 308.0283 14.76534940293198
SENTINEL-3B             
1 43437U 18039A   23251.09319605  .00000168  00000+0  87295-4 0  9997
2 43437  98.6210 317.0144 0001101  79.2909 280.8395 14.26738682279660
GAOFEN 5-01             
1 43461U 18043A   23250.59810781  .00000599  00000+0  13890-3 0  9991
2 43461  98.3150 194.9827 0002074  25.5018 334.6283 14.58558545283822
GAOFEN 6                
1 43484U 18048A   23251.10770290  .00001064  00000+0  15968-3 0  9995
2 43484  97.8937 327.3813 0009207 190.6999 169.4017 14.76572693283894
GAOFEN 11-1             
1 43585U 18063A   23251.11484953  .00009940  00000+0  41408-3 0  9992
2 43585  97.2719 319.9533 0010056  41.7794 318.4210 15.23868969284559
ICESAT-2                
1 43613U 18070A   23251.13151769  .00016555  00000+0  60119-3 0  9990
2 43613  91.9970  18.5687 0007251  58.3594 301.8361 15.28228359277742
HYSIS                   
1 43719U 18096A   23251.13452985  .00001599  00000+0  22476-3 0  9995
2 43719  97.9056 315.7521 0002630 148.6226 211.5143 14.78724984257719
KAZSTSAT                
1 43783U 18099AB  23251.08544874  .00001242  00000+0  11797-3 0  9991
2 43783  97.5722 307.3530 0007058 202.3323 157.7592 14.95227097259665
SAUDISAT 5A             
1 43831U 18102A   23251.13137657  .00004788  00000+0  27831-3 0  9997
2 43831  97.4478 318.6635 0014730  80.6895 279.6001 15.12462533261762
SAUDISAT 5B             
1 43833U 18102C   23251.14636041  .00005116  00000+0  29277-3 0  9993
2 43833  97.4513 320.0954 0015543  85.0077 275.2928 15.12982104261838
GAOFEN 10R              
1 44622U 19066A   23251.10432908  .00001916  00000+0  24955-3 0  9994
2 44622  97.9313 189.7370 0001839   4.8767 355.2463 14.81756483212279
CARTOSAT-3              
1 44804U 19081A   23251.08972519  .00005636  00000+0  26916-3 0  9999
2 44804  97.3384 306.7614 0012867  93.6097 266.6609 15.19356636209608
GAOFEN 12-1             
1 44819U 19082A   23251.03525687  .00000638  00000+0  89418-4 0  9995
2 44819  97.8397 266.7120 0001577  98.2667 261.8724 14.80777946204169
CSG-1                   
1 44873U 19092A   23251.12344603  .00000738  00000+0  99188-4 0  9999
2 44873  97.8886  73.4012 0001387  88.2128 271.9244 14.82163793201410
NUSAT-7 (SOPHIE)        
1 45017U 20003B   23251.15612434  .00095959  00000+0  10221-2 0  9995
2 45017  97.1487 313.0183 0007825 161.1262 199.0289 15.63642333204342
NUSAT-8 (MARIE)         
1 45018U 20003C   23250.94808240  .00347913  46452-4  11905-2 0  9990
2 45018  97.1560 319.9981 0005869 195.3540 164.7556 15.89672167204667
NUSAT-6 (HYPATIA)       
1 46272U 20061A   23251.14496616  .00024631  00000+0  65986-3 0  9992
2 46272  97.2740 319.4508 0003604 272.9654  87.1179 15.37991056167687
NEMO-HD                 
1 46277U 20061F   23251.11234672  .00005784  00000+0  25868-3 0  9999
2 46277  97.3392 315.6966 0002864  75.4475 284.7079 15.21683454166839
NUSAT-12 (DOROTHY)      
1 46827U 20079A   23251.12058630  .00396823  61515-4  12513-2 0  9990
2 46827  97.1274 324.9136 0003343 205.0763 155.0350 15.91307899159537
NUSAT-9 (ALICE)         
1 46828U 20079B   23251.02720891  .00314124  00000+0  12282-2 0  9999
2 46828  97.1173 324.0721 0003587 213.6622 146.4422 15.86226462159585
NUSAT-11 (CORA)         
1 46829U 20079C   23250.99951241  .00274551  00000+0  12027-2 0  9996
2 46829  97.1256 324.6356 0002481 178.1966 181.9314 15.83935393159565
NUSAT-15 (KATHERINE)    
1 46830U 20079D   23251.02645407  .00709757  24062-3  12279-2 0  9995
2 46830  97.1354 327.3966 0007154 242.4131 117.6423 16.02313257159629
NUSAT-10 (CAROLINE)     
1 46832U 20079F   23250.96778167  .00209100  00000+0  11319-2 0  9992
2 46832  97.1399 324.8516 0002902 163.8210 196.3151 15.79498927159479
NUSAT-13 (EMMY)         
1 46833U 20079G   23251.09874804  .00203242  00000+0  11252-2 0  9990
2 46833  97.1386 324.7595 0003560 160.9491 199.1910 15.79011521159488
NUSAT-17 (MARY)         
1 46835U 20079J   23250.98749902  .00236122  00000+0  11502-2 0  9990
2 46835  97.1382 324.5973 0003699 170.1136 190.0207 15.81745166159465
NUSAT-18 (VERA)         
1 46836U 20079K   23251.00223670  .00339949  44150-4  11893-2 0  9997
2 46836  97.1361 326.0210 0004314 196.0467 164.0670 15.89243641159557
NUSAT-16 (LISE)         
1 46840U 20079P   23251.13899363  .00556665  13420-3  12402-2 0  9992
2 46840  97.1419 327.1913 0005574 233.4781 126.5984 15.97849670159613
SENTINEL-6              
1 46984U 20086A   23250.97215722 -.00000054  00000+0  30640-4 0  9990
2 46984  66.0402  79.5100 0007844 268.3935  91.6182 12.80929594130686
GAOFEN 12-2             
1 48079U 21026A   23251.07787261  .00000735  00000+0  10231-3 0  9994
2 48079  97.9296 240.4870 0001706  76.8226 283.3177 14.80698642131859
PLEIADES NEO 3          
1 48268U 21034A   23251.13107308  .00001686  00000+0  22078-3 0  9996
2 48268  97.8931 324.4339 0001260 106.3490 253.7861 14.81678210127647
NUSAT-19 (ROSALIND)     
1 48905U 21059AC  23251.09306473  .00020688  00000+0  68536-3 0  9992
2 48905  97.5624  28.0870 0007045 305.9235  54.1352 15.31301620122253
NUSAT-22 (SOFYA)        
1 48919U 21059AS  23251.10546549  .00096449  00000+0  11383-2 0  9994
2 48919  97.3993  33.1647 0008649 216.3645 143.7026 15.60978073123534
NUSAT-21 (ELISA)        
1 48920U 21059AT  23251.09963638  .00188741  00000+0  12160-2 0  9997
2 48920  97.3905  35.9652 0007802 224.6074 135.4564 15.75578876123777
NUSAT-20 (GRACE)        
1 48921U 21059AU  23251.05002171  .00134444  00000+0  11624-2 0  9995
2 48921  97.4067  35.4995 0009232 237.1181 122.9192 15.68727521123650
PLEIADES NEO 4          
1 49070U 21073E   23251.09728920  .00001177  00000+0  15609-3 0  9992
2 49070  97.8949 324.3963 0001202 105.6380 254.4965 14.81678317111358
LANDSAT 9               
1 49260U 21088A   23251.11543854  .00000517  00000+0  12493-3 0  9998
2 49260  98.2235 319.9911 0001447  96.6888 263.4475 14.57099998103462
CSG-2                   
1 51444U 22008A   23251.08967495  .00000619  00000+0  84278-4 0  9999
2 51444  97.8885  73.3678 0001474  90.7081 269.4301 14.82145334 86521
INS-2TD                 
1 51658U 22013C   23251.04571394  .00021564  00000+0  85689-3 0  9995
2 51658  97.5469 263.7829 0011221  83.0376 277.2137 15.25273419 86606
GAOFEN 12-3             
1 52912U 22069A   23251.13051350  .00001825  00000+0  24503-3 0  9991
2 52912  97.9397 140.4106 0001313  69.2641 290.8711 14.80538496 64722
SWOT                    
1 54754U 22173A   23250.83859107  .00000024  00000+0  18199-4 0  9990
2 54754  77.6120 323.2268 0000186  87.3755 272.7418 14.00169627 37339
