CRE (WAAS/PRN 138)      
1 28868U 05036A   23250.04342750 -.00000086  00000+0  00000+0 0  9996
2 28868   1.6947  89.0102 0002175  61.4097 103.7675  1.00272526 65985
IOR-W (EGNOS/PRN 126)   
1 28899U 05044A   23250.07754035 -.00000001  00000+0  00000+0 0  9992
2 28899   3.8614  40.7036 0002798 141.6714 255.3345  1.00272230 65331
QZS-1 (QZSS/PRN 183)    
1 37158U 10045A   23249.68402778 -.00000039  00000+0  00000+0 0  9997
2 37158  43.0227 127.4265 0003098 164.9546  55.5572  0.87715049 47490
GSAT-8 (GAGAN/PRN 127)  
1 37605U 11022A   23250.06438163  .00000073  00000+0  00000+0 0  9998
2 37605   0.0229 123.0016 0005264 126.5451 174.5726  1.00271772 45075
LUCH 5A (SDCM/PRN 140)  
1 37951U 11074B   23249.88305778 -.00000058  00000+0  00000+0 0  9996
2 37951   6.1494  89.6502 0004723  65.0852 315.9691  1.00275122 43026
SES-5 (EGNOS/PRN 136)   
1 38652U 12036A   23250.06579229  .00000022  00000+0  00000+0 0  9990
2 38652   0.0502 310.6396 0001904 219.9727 203.9268  1.00272248 40901
GSAT-10 (GAGAN/PRN 128) 
1 38779U 12051B   23249.79491201 -.00000177  00000+0  00000+0 0  9990
2 38779   0.0546 272.5454 0001992 339.4283 102.8196  1.00271086 39940
LUCH 5B (SDCM/PRN 125)  
1 38977U 12061A   23249.70327054 -.00000147  00000+0  00000+0 0  9993
2 38977   8.2606  59.1039 0005821 111.5391  51.7577  1.00273298 39446
ASTRA 5B (EGNOS/PRN 123)
1 39617U 14011B   23250.06944725  .00000126  00000+0  00000+0 0  9999
2 39617   0.0896 298.8251 0003591 256.3767 199.1930  1.00275344 34702
LUCH 5V (SDCM/PRN 141)  
1 39727U 14023A   23249.91716124 -.00000281  00000+0  00000+0 0  9999
2 39727   2.5800  77.2759 0003632 134.1707 199.1987  1.00270356 34183
GSAT-15 (GAGAN/PRN 139) 
1 41028U 15065A   23250.08337087 -.00000270  00000+0  00000+0 0  9998
2 41028   0.0557 274.9527 0001890 236.4613 318.0028  1.00272815 28696
E 117 W B (WAAS/PRN 131)
1 41589U 16038B   23250.04151299 -.00000023  00000+0  00000+0 0  9992
2 41589   0.0228  21.6101 0000215  86.1758 136.0243  1.00273015 26539
SES-15 (WAAS/PRN 133)   
1 42709U 17026A   23249.68081872  .00000049  00000+0  00000+0 0  9999
2 42709   0.0258  46.2400 0000342 152.3561 262.8362  1.00269062 23973
QZS-2 (QZSS/PRN 184)    
1 42738U 17028A   23249.87635703 -.00000146  00000+0  00000+0 0  9991
2 42738  41.0406 257.8300 0751769 270.1228 274.3208  1.00264340 22968
QZS-3 (QZSS/PRN 189)    
1 42917U 17048A   23250.03174521 -.00000359  00000+0  00000+0 0  9994
2 42917   0.0590 200.3055 0002213 352.3442 291.6839  1.00271052 22195
QZS-4 (QZSS/PRN 185)    
1 42965U 17062A   23249.64373101 -.00000355  00000+0  00000+0 0  9999
2 42965  40.6348 356.4161 0748281 269.3204  90.9573  1.00280312 21648
BEIDOU-3 G1 (PRN 130)   
1 43683U 18085A   23249.80813160 -.00000292  00000+0  00000+0 0  9995
2 43683   1.5195 124.2076 0002479   0.4223 291.8698  1.00266711 17883
BEIDOU-3 G2 (PRN 144)   
1 45344U 20017A   23250.08076019 -.00000152  00000+0  00000+0 0  9990
2 45344   2.0495  16.3384 0003169 159.7027 278.9589  1.00272837 13100
BEIDOU-3 G3 (PRN 143)   
1 45807U 20040A   23249.81879038 -.00000365  00000+0  00000+0 0  9997
2 45807   0.6134 344.2602 0005911 330.9006  75.8005  1.00274750 11900
GALAXY 30 (WAAS/PRN 135)
1 46114U 20056C   23249.68160191  .00000026  00000+0  00000+0 0  9997
2 46114   0.0184 128.4185 0002370  52.8248 284.6251  1.00272700 11123
