AMC-1 (GE-1)            
1 24315U 96054A   23250.77612456 -.00000266  00000+0  00000+0 0  9992
2 24315   6.6799  69.1889 0006668 166.5062   3.8165  0.99510582 36154
AMC-3 (GE-3)            
1 24936U 97050A   23250.98200660 -.00000273  00000+0  00000+0 0  9999
2 24936   5.6413  75.1065 0002843  94.8228  98.3853  1.00271473 95284
ASTRA 1G                
1 25071U 97076A   23250.78091080 -.00000196  00000+0  00000+0 0  9994
2 25071   7.1459  63.7711 0010454 114.5671  86.9207  0.99040577 94339
ASTRA 2A                
1 25462U 98050A   23250.80118984  .00000056  00000+0  00000+0 0  9991
2 25462   4.5245  80.6726 0002979  89.2235 162.3387  1.00271875 36174
NSS-11 (AAP-1)          
1 26554U 00059A   23250.87896698  .00000013  00000+0  00000+0 0  9991
2 26554   0.0523 297.9161 0002766 232.1337 309.0548  1.00272540 31139
AMC-6 (GE-6)            
1 26580U 00067A   23250.68208644  .00000093  00000+0  00000+0 0  9994
2 26580   0.0504 298.7781 0002746 245.5752 268.6792  1.00271904 83749
ASTRA 2C                
1 26853U 01025A   23250.47247227 -.00000272  00000+0  00000+0 0  9999
2 26853   5.6624  74.9285 0002460  93.0076 275.9716  1.00272286 34889
NSS-7                   
1 27414U 02019A   23250.77742991 -.00000170  00000+0  00000+0 0  9995
2 27414   6.9446  67.4402 0002166 104.1487  74.8859  1.00272741 78406
NSS-6                   
1 27603U 02057A   23251.08643372 -.00000050  00000+0  00000+0 0  9992
2 27603   2.7444  86.6866 0002682 157.4417 226.5140  0.99122464 75872
AMC-11 (GE-11)          
1 28252U 04017A   23250.68765589 -.00000061  00000+0  00000+0 0  9993
2 28252   0.0527 302.7059 0002004 259.3076 280.9251  1.00271998 70718
AMC-15                  
1 28446U 04041A   23251.08990449 -.00000101  00000+0  00000+0 0  9990
2 28446   0.0533 302.3809 0002367 208.3904 123.4308  1.00272232 69180
NSS-10 (AMC-12)         
1 28526U 05003A   23250.77394900 -.00000263  00000+0  00000+0 0  9992
2 28526   3.8992  82.4296 0002837  74.2102  71.1206  1.00271952 42991
ASTRA 1KR               
1 29055U 06012A   23251.07181391  .00000108  00000+0  00000+0 0  9990
2 29055   0.0767 279.5236 0004447 282.2308 190.1589  1.00274783 63588
AMC-18                  
1 29644U 06054B   23250.54989910 -.00000227  00000+0  00000+0 0  9997
2 29644   0.0494 302.1168 0002288 231.9826 287.2216  1.00271092 61362
ASTRA 1L                
1 31306U 07016A   23250.83295436  .00000108  00000+0  00000+0 0  9996
2 31306   0.0884 300.8879 0002909 276.5644  88.2384  1.00274500 34845
ASTRA 4A (SIRIUS 4)     
1 32299U 07057A   23251.06894216  .00000021  00000+0  00000+0 0  9994
2 32299   0.0499 297.5842 0002791 244.2582 194.6543  1.00271576 57803
AMC-21                  
1 33275U 08038B   23250.68487118  .00000025  00000+0  00000+0 0  9999
2 33275   0.3204  95.2697 0003023  86.6831 286.1896  1.00272930 55339
ASTRA 1M                
1 33436U 08057A   23250.83295444  .00000108  00000+0  00000+0 0  9997
2 33436   0.0142 108.5420 0004972  51.5915 145.5374  1.00272688 35568
CIEL-2                  
1 33453U 08063A   23250.68408796  .00000047  00000+0  00000+0 0  9994
2 33453   0.1404  97.4795 0002790  71.7504 294.6792  1.00271578 53976
NSS-9                   
1 33749U 09008A   23250.82827198  .00000060  00000+0  00000+0 0  9994
2 33749   0.0506 305.1988 0002039 224.0612 298.6106  1.00272246 53367
SES-7 (PROTOSTAR 2)     
1 34941U 09027A   23251.05952227 -.00000357  00000+0  00000+0 0  9998
2 34941   0.0141  73.8674 0001574 147.0310 255.6378  1.00273020 52454
NSS-12                  
1 36032U 09058A   23250.80118984  .00000059  00000+0  00000+0 0  9999
2 36032   0.0509 296.5340 0002649 238.1302 157.3667  1.00272500 50758
SES-1                   
1 36516U 10016A   23250.57393468 -.00000126  00000+0  00000+0 0  9994
2 36516   0.0597 292.6332 0002333 252.0629 267.3089  1.00272438 48888
ASTRA 3B                
1 36581U 10021A   23251.07132640  .00000126  00000+0  00000+0 0  9990
2 36581   0.0494 333.8636 0003982 188.8730 233.3150  1.00276126 48498
SES-3                   
1 37748U 11035A   23250.57220773 -.00000113  00000+0  00000+0 0  9998
2 37748   0.0518 306.7304 0002760 208.9571 293.6936  1.00271873 44437
ASTRA 1N                
1 37775U 11041A   23250.83295420  .00000108  00000+0  00000+0 0  9998
2 37775   0.0547   8.1610 0002456  88.5523 208.9638  1.00272573 34360
SES-2                   
1 37809U 11049A   23251.07896616 -.00000208  00000+0  00000+0 0  9997
2 37809   0.0455 304.0779 0002709 235.1113 109.1290  1.00271736 43834
QUETZSAT 1              
1 37826U 11054A   23250.55111743 -.00000253  00000+0  00000+0 0  9995
2 37826   0.0489 301.6370 0002245 228.0518 298.0917  1.00272333 39726
SES-4                   
1 38087U 12007A   23250.77699479 -.00000180  00000+0  00000+0 0  9994
2 38087   0.0216  81.8588 0002466  89.5792  72.8665  1.00270778 42072
SES-5                   
1 38652U 12036A   23250.88730132  .00000022  00000+0  00000+0 0  9992
2 38652   0.0509 311.1747 0001907 222.2394 137.6779  1.00272108 34328
ASTRA 2F                
1 38778U 12051A   23251.07132640  .00000138  00000+0  00000+0 0  9998
2 38778   0.0897 256.5208 0004314 311.8583 192.3788  1.00276288 40138
SES-6                   
1 39172U 13026A   23250.77333984 -.00000273  00000+0  00000+0 0  9991
2 39172   0.0374 315.6458 0001929 224.5521  44.2832  1.00271298 37566
O3B FM5                 
1 39188U 13031A   23250.63244237 -.00000030  00000+0  00000+0 0  9992
2 39188   0.0397 346.2852 0002988 178.9631 194.7599  5.00115685186338
O3B FM4                 
1 39189U 13031B   23250.48822574 -.00000030  00000+0  00000+0 0  9992
2 39189   0.0561  14.1156 0002948 151.0507 194.8419  5.00116160186342
O3B FM2                 
1 39190U 13031C   23250.58014374 -.00000030  00000+0  00000+0 0  9996
2 39190   0.0593  18.0593 0002787 147.0691 194.8794  5.00115364186405
O3B PFM                 
1 39191U 13031D   23250.40609629 -.00000030  00000+0  00000+0 0  9991
2 39191   0.0450 356.2065 0002547 167.8317 195.9694  5.00115990185942
ASTRA 2E                
1 39285U 13056A   23251.07132640  .00000139  00000+0  00000+0 0  9999
2 39285   0.0632 342.6629 0002815 188.6223 229.7600  1.00275234 36434
SES-8                   
1 39460U 13071A   23251.08695584 -.00000281  00000+0  00000+0 0  9992
2 39460   0.0414 262.7556 0002067 241.2674 329.1633  1.00272458 35719
ASTRA 5B                
1 39617U 14011B   23251.07132640  .00000125  00000+0  00000+0 0  9995
2 39617   0.0875 299.7234 0003205 256.1913 200.1342  1.00269457 34712
O3B FM3                 
1 40079U 14038A   23250.66039504 -.00000030  00000+0  00000+0 0  9993
2 40079   0.0502   8.5738 0000418  99.6807 251.7496  5.00116695162334
O3B FM7                 
1 40080U 14038B   23249.80744081 -.00000029  00000+0  00000+0 0  9990
2 40080   0.0498  13.7795 0004426 146.9450 199.2919  5.00115651167134
O3B FM6                 
1 40081U 14038C   23250.63362715 -.00000030  00000+0  00000+0 0  9996
2 40081   0.0513   8.6949 0002624 155.4796 195.8333  5.00115267167127
O3B FM8                 
1 40082U 14038D   23250.48730802 -.00000030  00000+0  00000+0 0  9996
2 40082   0.0541  10.3585 0002558 157.0524 192.5951  5.00115973167234
O3B FM10                
1 40348U 14083A   23250.71365570 -.00000030  00000+0  00000+0 0  9993
2 40348   0.0499 358.5260 0002604 167.8504 193.6302  5.00115341159194
O3B FM11                
1 40349U 14083B   23250.92685503 -.00000030  00000+0  00000+0 0  9998
2 40349   0.0454   0.3507 0003197 157.5092 202.1534  5.00115526159376
O3B FM12                
1 40350U 14083C   23250.55434954 -.00000030  00000+0  00000+0 0  9991
2 40350   0.0463   1.0509 0002648 159.6454 199.3133  5.00115476159212
O3B FM9                 
1 40351U 14083D   23250.58080523 -.00000030  00000+0  00000+0 0  9994
2 40351   0.0442   0.4431 0002675 164.7144 194.8499  5.00115063159363
ASTRA 2G                
1 40364U 14089A   23251.07132640  .00000138  00000+0  00000+0 0  9995
2 40364   0.0459 344.6800 0002610 110.6543 305.3806  1.00271954 31863
SES-9                   
1 41380U 16013A   23250.62896646 -.00000357  00000+0  00000+0 0  9990
2 41380   0.0447 296.1061 0001664 199.7373 185.3196  1.00271428 27270
SES-10                  
1 42432U 17017A   23250.76805076 -.00000284  00000+0  00000+0 0  9995
2 42432   0.0232  81.3598 0002778  90.1732  24.6251  1.00269328 23583
SES-15                  
1 42709U 17026A   23250.68400094  .00000049  00000+0  00000+0 0  9992
2 42709   0.0266  37.8532 0000332 165.8923 259.8337  1.00268339 23989
SES-11 (ECHOSTAR 105)   
1 42967U 17063A   23250.60497934 -.00000101  00000+0  00000+0 0  9990
2 42967   0.0373 297.2330 0002551 265.6568 256.3757  1.00272964 21649
SES-14                  
1 43175U 18012B   23250.41362168 -.00000290  00000+0  00000+0 0  9995
2 43175   0.0167 260.4928 0001080 277.4743 269.6605  1.00271901 20894
O3B FM15                
1 43231U 18024A   23250.84675946 -.00000030  00000+0  00000+0 0  9991
2 43231   0.0530 356.8822 0002704 165.0330 198.0939  5.00114515100325
O3B FM16                
1 43232U 18024B   23250.70004098 -.00000030  00000+0  00000+0 0  9991
2 43232   0.0563 354.3169 0002748 167.4910 198.2015  5.00116255100248
O3B FM14                
1 43233U 18024C   23250.74007401 -.00000030  00000+0  00000+0 0  9997
2 43233   0.0578 354.1608 0002930 167.8930 197.9562  5.00115741100488
O3B FM13                
1 43234U 18024D   23250.39397802 -.00000030  00000+0  00000+0 0  9996
2 43234   0.0435 358.9075 0002631 147.3277 213.7811  5.00115717100348
SES-12                  
1 43488U 18049A   23250.69910427 -.00000282  00000+0  00000+0 0  9990
2 43488   0.0198  67.0291 0001854 173.1428  93.0048  1.00272203 19254
O3B FM20                
1 44112U 19020A   23250.56686516 -.00000030  00000+0  00000+0 0  9991
2 44112   0.0503 359.1823 0002915 155.3510 205.4805  5.00115776 80868
O3B FM19                
1 44113U 19020B   23250.59386456 -.00000030  00000+0  00000+0 0  9995
2 44113   0.0288 353.0259 0004167 176.1226 190.8601  5.00115634 80731
O3B FM17                
1 44114U 19020C   23250.07435121 -.00000029  00000+0  00000+0 0  9991
2 44114   0.0689   5.5703 0002695 153.6381 200.8022  5.00116037 80799
O3B FM18                
1 44115U 19020D   23250.02078773 -.00000029  00000+0  00000+0 0  9993
2 44115   0.0499 358.9347 0002694 164.3439 196.7299  5.00116060 80919
SES-17                  
1 49332U 21095A   23250.76805076 -.00000284  00000+0  00000+0 0  9992
2 49332   0.0183 133.8699 0001073  47.2166  14.8949  1.00270051  7683
SES-22                  
1 52933U 22071A   23250.68286965  .00000077  00000+0  00000+0 0  9998
2 52933   0.0178 133.7803 0001123  46.4333 277.0949  1.00272915  4385
SES-20                  
1 53960U 22123A   23251.02757866 -.00000113  00000+0  00000+0 0  9991
2 53960   0.0163 170.9556 0001696 296.2341 146.4705  1.00270830  3378
SES-21                  
1 53961U 22123B   23250.75525844  .00000058  00000+0  00000+0 0  9997
2 53961   0.0174  90.2084 0001050  67.5936 329.6667  1.00270807  3392
O3B MPOWER F1           
1 54755U 22174A   23250.80501292 -.00000030  00000+0  00000+0 0  9993
2 54755   0.0449  15.7916 0004706 165.1398  12.2838  5.00118541 14660
O3B MPOWER F2           
1 54756U 22174B   23250.80883271 -.00000030  00000+0  00000+0 0  9994
2 54756   0.0471  17.2565 0006219 204.8072 137.8882  5.00113819 14738
SES-18                  
1 55970U 23038A   23250.57220730 -.00000113  00000+0  00000+0 0  9994
2 55970   0.0466 265.5926 0002037 318.4702 225.2178  1.00270966  1959
SES-19                  
1 55971U 23038B   23250.68286965  .00000076  00000+0  00000+0 0  9996
2 55971   0.0476 288.1353 0001598 235.9902 293.2767  1.00271549  1915
O3B MPOWER F4           
1 56367U 23059A   23250.72998852 -.00000030  00000+0  00000+0 0  9990
2 56367   0.0391 353.6992 0006132 187.9205 178.3778  5.00115549  7900
O3B MPOWER F3           
1 56368U 23059B   23250.63017537 -.00000030  00000+0  00000+0 0  9993
2 56368   0.0395 350.2255 0002355 194.9828 174.7888  5.00115143  4024
