LEMUR-1                 
1 40044U 14033AL  24013.02635013  .00003519  00000+0  48589-3 0  9997
2 40044  97.6793 182.1539 0056965  94.9617 265.8101 14.77609405514636
LEMUR-2-ANUBHAVTHAKUR   
1 41873U 16062E   24012.55388139  .00054281  00000+0  87079-3 0  9992
2 41873  51.6707 136.2450 0004677 189.5069 170.5834 15.52512943397604
LEMUR-2-SAM-AMELIA      
1 42781U 17036S   24012.64242967  .00126339  00000+0  10843-2 0  9999
2 42781  97.1156  55.7670 0004672  46.4003 313.7646 15.68973714365521
LEMUR-2-GREENBERG       
1 42837U 17042N   24013.06566804  .00012212  00000+0  97051-3 0  9995
2 42837  97.3700 209.5006 0012756 209.2588 150.7924 15.00520988354209
LEMUR-2-ANDIS           
1 42838U 17042P   24013.06636664  .00010472  00000+0  83450-3 0  9992
2 42838  97.3684 209.3240 0012782 207.9597 152.0942 15.00455618354205
LEMUR-2-MONSON          
1 42839U 17042Q   24012.47552377  .00008934  00000+0  72454-3 0  9997
2 42839  97.3743 208.4050 0010554 210.6907 149.3701 14.99844661354076
LEMUR-2-FURIAUS         
1 42840U 17042R   24012.51135938  .00009204  00000+0  74277-3 0  9990
2 42840  97.3797 208.8671 0009590 231.9983 128.0376 15.00031256354071
LEMUR-2-PETERG          
1 42841U 17042S   24013.09047105  .00012001  00000+0  96874-3 0  9999
2 42841  97.3787 210.7422 0008833 203.0793 157.0036 14.99959923354235
LEMUR-2-DEMBITZ         
1 42842U 17042T   24012.54312227  .00009392  00000+0  75387-3 0  9994
2 42842  97.3723 210.1797 0011270 205.1280 154.9398 15.00220516354170
LEMUR-2-ZACHARY         
1 42845U 17042W   24012.44233530  .00012588  00000+0  93637-3 0  9994
2 42845  97.3783 209.8719 0008178 253.8145 106.2181 15.03070531354286
LEMUR-2-JIN-LUEN        
1 43182U 18014C   24013.17088129  .00011598  00000+0  75488-3 0  9996
2 43182  97.6024 277.6394 0013840 159.1667 201.0128 15.08037788325200
LEMUR-2-URAMCHANSOL     
1 43183U 18014D   24012.67425552  .00015029  00000+0  92286-3 0  9994
2 43183  97.6024 278.0631 0014131 149.9657 210.2386 15.10107644325187
LEMUR-2-KADI            
1 43184U 18014E   24012.67738467  .00013611  00000+0  86888-3 0  9993
2 43184  97.5879 276.7816 0012857 138.1467 222.0747 15.08723612325130
LEMUR-2-THENICKMOLO     
1 43185U 18014F   24012.94971325  .00016990  00000+0  10649-2 0  9990
2 43185  97.5958 277.7014 0009153 137.1381 223.0562 15.09378499325191
LEMUR-2-CHRISTINAHOLT   
1 43882U 18111G   24012.71549197  .00023302  00000+0  13506-2 0  9995
2 43882  97.6434 284.7047 0009745 136.5293 223.6707 15.12149966276080
LEMUR-2-TINYKEV         
1 43883U 18111H   24012.71785745  .00022215  00000+0  12093-2 0  9999
2 43883  97.6235 284.6707 0010224 133.0144 227.1946 15.14404487276159
LEMUR-2-REMY-COLTON     
1 43884U 18111J   24013.20305954  .00019518  00000+0  11283-2 0  9997
2 43884  97.6379 285.9112 0003197 103.9383 256.2203 15.12319158274228
LEMUR-2-GUSTAVO         
1 43885U 18111K   24012.74490641  .00019339  00000+0  11354-2 0  9994
2 43885  97.6372 284.7051 0015330 138.7020 221.5372 15.11667009276108
LEMUR-2-ZO              
1 43886U 18111L   24012.74171405  .00018588  00000+0  10955-2 0  9990
2 43886  97.6268 284.4279 0013150 155.1004 205.0863 15.11563404276112
LEMUR-2-NATALIEMURRAY   
1 43887U 18111M   24012.73960013  .00019361  00000+0  11283-2 0  9996
2 43887  97.6390 285.5816 0011890 106.7939 253.4596 15.11973797276149
LEMUR-2-SARAHBETTYBOO   
1 43888U 18111N   24012.72432055  .00019951  00000+0  11438-2 0  9993
2 43888  97.6728 287.8912 0010851 185.8015 174.3092 15.12568176276162
LEMUR-2-DAISY-HARPER    
1 43889U 18111P   24012.72160873  .00026497  00000+0  14593-2 0  9998
2 43889  97.6609 287.7484 0009275 180.8189 179.3028 15.13960108276176
LEMUR-2-LILLYJO         
1 44396U 19038L   24012.95817433  .00375283  00000+0  17942-2 0  9998
2 44396  97.6247  12.3746 0001885 227.9445 132.1663 15.81798343251167
LEMUR-2-WANLI           
1 44402U 19038S   24012.98997747  .00351041  00000+0  16391-2 0  9999
2 44402  97.6314  12.9269 0002317 208.1871 151.9272 15.82372120251203
LEMUR-2-MORAG           
1 44403U 19038T   24012.73477120  .00209792  00000+0  22046-2 0  9990
2 44403  97.6441  10.7202 0005936 258.5434 101.5158 15.63632258250979
LEMUR-2-DUSTINTHEWIND   
1 44405U 19038V   24012.92494347  .00149986  00000+0  15898-2 0  9998
2 44405  97.6505  10.3426 0006475 246.0872 113.9708 15.63598799251018
LEMUR-2-ALEX-MADDY      
1 44407U 19038X   24012.91479606  .00034035  00000+0  72578-3 0  9997
2 44407  97.6691   6.4567 0011315 277.2185  82.7777 15.44766245250650
LEMUR-2-EJATTA          
1 44409U 19038Z   24012.53855249  .00302944  00000+0  23542-2 0  9991
2 44409  97.6371  11.5946 0004547 240.3698 119.7112 15.70857905251089
LEMUR-2-GREGROBINSON    
1 44411U 19038AB  24012.94446474  .00438252  00000+0  25968-2 0  9991
2 44411  97.6314  13.1491 0005034 261.4281  98.6414 15.76842012250826
LEMUR-2-YNDRD           
1 44413U 19038AD  24012.93350394  .00091447  00000+0  16491-2 0  9999
2 44413  97.6622   6.9872 0009445 265.8277  94.1893 15.49394093250728
LEMUR-2-JPGSQUARED      
1 44855U 19089D   24012.94573904  .00031527  00000+0  12351-2 0  9994
2 44855  36.9624 240.7143 0008539 309.5951  50.4044 15.24908340224940
LEMUR-2-HIMOMANDDAD     
1 44860U 19089J   24012.93034637  .00043750  00000+0  16230-2 0  9995
2 44860  36.9608 241.4991 0009902 312.4132  47.5780 15.26618972224817
LEMUR-2-PAPPY           
1 44861U 19089K   24013.03991176  .00034865  00000+0  14917-2 0  9995
2 44861  36.9585 247.9101 0009467 300.0635  59.9174 15.21913472224815
LEMUR-2-THEODOSIA       
1 44863U 19089M   24013.01341298  .00032415  00000+0  12405-2 0  9998
2 44863  36.9614 239.2977 0007391 309.2511  50.7583 15.25688385224812
LEMUR-2-ETHANOAKES      
1 46298U 20061AC  24013.17713685  .00135380  00000+0  12742-2 0  9993
2 46298  97.3781  97.5161 0001833 210.5600 149.5553 15.66672917186630
LEMUR-2-OSCARLATOR      
1 46299U 20061AD  24012.73895165  .00275316  00000+0  11474-2 0  9994
2 46299  97.3776 101.3528 0003059 147.3821 212.7639 15.84984701186860
LEMUR-2-SLICERS         
1 46500U 20068Q   24012.84440623  .00041415  00000+0  14823-2 0  9995
2 46500  97.7770 333.7444 0009837 114.9533 245.2729 15.28612279181032
LEMUR-2-DAYWZAGOODDAY   
1 46501U 20068R   24012.85874701  .00031566  00000+0  11925-2 0  9991
2 46501  97.7813 333.8991 0009953 114.4040 245.8238 15.26892520181023
LEMUR-2-SUSURRUS        
1 46502U 20068S   24012.84512946  .00035686  00000+0  12788-2 0  9996
2 46502  97.7794 333.7847 0009780 113.7192 246.5073 15.28608530181033
LEMUR-2-NICHOL          
1 46503U 20068T   24012.84077683  .00029202  00000+0  11643-2 0  9997
2 46503  97.7815 332.9355 0009672 119.4411 240.7792 15.25115858180979
LEMUR-2-OZARAK          
1 46908U 20081D   24012.42689601  .00039698  00000+0  17398-2 0  9997
2 46908  36.8986  17.2993 0007873 179.2023 180.8738 15.21072254174904
LEMUR-2-JINDRA          
1 46909U 20081E   24012.35436260  .00030649  00000+0  11974-2 0  9992
2 46909  36.8980   7.4149 0008295 201.2612 158.7793 15.25006344175011
LEMUR-2-WALLACE         
1 46910U 20081F   24013.15827102  .00049139  00000+0  19742-2 0  9997
2 46910  36.8984   6.4395 0008809 192.1207 167.9331 15.23943952175088
LEMUR-2-JEREMIAH        
1 46911U 20081G   24012.43376308  .00038947  00000+0  17330-2 0  9991
2 46911  36.9040  15.6521 0011864 174.9368 185.1501 15.20524209174938
LEMUR-2-NEVA            
1 47450U 21006AP  24013.13004497  .01180528  67508-3  29444-2 0  9996
2 47450  97.3635  83.8986 0005040 274.3246  85.7454 15.95917690165359
LEMUR-2-MANGO1          
1 47493U 21006CJ  24012.71650446  .00080044  00000+0  14559-2 0  9999
2 47493  97.3614  77.0431 0004699  44.9938 315.1693 15.49230553164912
LEMUR-2-RUAIRI-EILIDH   
1 47511U 21006DC  24013.16342836  .00089884  00000+0  11842-2 0  9994
2 47511  97.3558  79.0435 0001767  91.5541 268.5917 15.58130844165099
LEMUR-2-CHANTAL         
1 47529U 21006DV  24012.67739307  .00060980  00000+0  13060-2 0  9991
2 47529  97.3577  75.9864 0004889  57.0960 303.0758 15.44556163165808
LEMUR-2-NOOBNOOB        
1 47538U 21006DY  24012.72902737  .00093500  00000+0  15249-2 0  9991
2 47538  97.3616  79.8023 0005548  41.0369 319.1300 15.52260803165040
LEMUR-2-AMANDA-SVANTE   
1 48269U 21034B   24013.15461649  .00008956  00000+0  81427-3 0  9997
2 48269  97.6840  81.4434 0002596 359.7956   0.3264 14.95447247147155
LEMUR-2-SPECIAL-K       
1 48273U 21034F   24013.17011494  .00012356  00000+0  11115-2 0  9998
2 48273  97.6828  81.5640 0003005 348.3159  11.7992 14.95779574147178
LEMUR-2-JACKSON         
1 48885U 21059G   24012.84672903  .00381443  00000+0  22119-2 0  9997
2 48885  97.5680 166.8787 0008644 290.9213  69.1127 15.77459886141957
LEMUR-2-ANNABANANA      
1 48923U 21059AW  24012.94522404  .00059797  00000+0  82639-3 0  9999
2 48923  97.5846 167.4638 0004552 220.6514 139.4401 15.56951849142044
LEMUR-2-AC-CUBED        
1 48927U 21059BA  24012.93863604  .00272539  00000+0  19893-2 0  9994
2 48927  97.6024 168.7420 0005589 251.7824 108.2831 15.72439904142064
LEMUR-2-MERIMA          
1 48929U 21059BC  24012.95403560  .01566001  17607-2  17918-2 0  9990
2 48929  97.5357 170.9899 0006687 306.5179  53.5487 16.09486044142271
LEMUR-2-RAMONAMAE       
1 51021U 22002AP  24012.71930593  .00047818  00000+0  90421-3 0  9997
2 51021  97.4176  90.3879 0004041 202.8765 157.2305 15.48257143111141
LEMUR-2-KING-JULIEN     
1 51022U 22002AQ  24013.18480697  .01921526  27090-2  30205-2 0  9997
2 51022  97.4038  93.4159 0005691 279.0410  81.0226 16.04608814111390
LEMUR-2-ROHOVITHSA      
1 51036U 22002BE  24012.77111365  .00044963  00000+0  12107-2 0  9999
2 51036  97.4152  84.9623 0005037 219.8527 140.2348 15.37701227110791
LEMUR-2-MIRIWARI        
1 51054U 22002BY  24013.15717052  .00058790  00000+0  14622-2 0  9994
2 51054  97.4125  85.7207 0004287 216.9026 143.1925 15.40076596110887
LEMUR-2-DJIRANG         
1 51058U 22002CC  24012.89815332  .00069977  00000+0  17363-2 0  9992
2 51058  97.4093  85.2405 0004017 216.4262 143.6711 15.40099184110840
LEMUR-2-TENNYSONLILY    
1 52732U 22057A   24012.89951487  .00076489  00000+0  10038-2 0  9992
2 52732  97.5654 143.0965 0001962 279.4306  80.6728 15.58284462 91055
LEMUR-2-VANDENDRIES     
1 52733U 22057B   24013.10087061  .00113711  00000+0  26252-2 0  9991
2 52733  97.5420 138.0821 0004615 338.6396  21.4658 15.42094938 90826
LEMUR-2-KAREN B         
1 52736U 22057E   24012.89221811  .00529886  00000+0  29558-2 0  9998
2 52736  97.5475 143.7327 0006956 312.1746  47.8929 15.77961270 91160
LEMUR-2-HANCOM-1        
1 52740U 22057J   24012.89959497  .00060843  00000+0  15374-2 0  9995
2 52740  97.5647 139.3878 0006101 340.3923  19.7086 15.39574380 90790
LEMUR-2-MIMI1307        
1 52769U 22057AP  24012.90398862  .00069124  00000+0  16125-2 0  9997
2 52769  97.5661 139.7527 0006505 310.0893  49.9782 15.41960121 90827
LEMUR-2-PHILARI         
1 55013U 23001E   24012.89814231  .00020302  00000+0  63935-3 0  9990
2 55013  97.4482  77.1479 0006303   6.0441 354.0876 15.32934257 57053
LEMUR-2-DISCLAIMER      
1 55014U 23001F   24012.73946614  .00049237  00000+0  15499-2 0  9994
2 55014  97.4512  76.9570 0007983   7.7061 352.4302 15.32743090 57013
LEMUR-2-STEVEALBERS     
1 55017U 23001J   24012.72875294  .00032105  00000+0  10818-2 0  9997
2 55017  97.4469  76.3842 0006648   8.1556 351.9792 15.30660918 56992
LEMUR-2-EMMACULATE      
1 55037U 23001AE  24013.16161304  .00073839  00000+0  18581-2 0  9992
2 55037  97.4527  79.2075 0008896 343.8397  16.2564 15.39621067 57190
LEMUR-2-MMOLO           
1 55038U 23001AF  24012.71951168  .00015623  00000+0  54987-3 0  9996
2 55038  97.4555  78.0483 0012224 354.1384   5.9711 15.29344928 57076
LEMUR-2-FUENTETAJA-01   
1 55088U 23001CH  24012.92268222  .00018239  00000+0  58399-3 0  9993
2 55088  97.4563  77.9843 0010376 348.7386  11.3622 15.32393105 57083
LEMUR-2-ONREFLECTION    
1 56182U 23054E   24012.70073790  .00035767  00000+0  11269-2 0  9996
2 56182  97.3759 270.4141 0007797  28.0076 332.1584 15.32790676 42150
LEMUR-2-SPACEGUS        
1 56187U 23054K   24013.13589212  .00036156  00000+0  11250-2 0  9993
2 56187  97.3773 271.0794 0007501  12.8824 347.2609 15.33189781 42231
LEMUR-2-ROMEO-N-LEO     
1 56206U 23054AE  24013.20627453  .00101809  00000+0  17176-2 0  9994
2 56206  97.3685 273.8946 0006047   2.4412 357.6868 15.51274923 42433
LEMUR-2-EMBRIONOVIS     
1 56970U 23084AQ  24012.88396923  .00014683  00000+0  75265-3 0  9990
2 56970  97.5339 132.3130 0014514 192.1266 167.9619 15.16578522 32400
LEMUR-2-NAZIYAH         
1 56974U 23084AU  24013.22549639  .00035246  00000+0  15428-2 0  9999
2 56974  97.5216 133.0970 0012705 182.9299 177.1865 15.21881968 32505
LEMUR-2-AADAM-ALIYAH    
1 56977U 23084AX  24012.82962447  .00030432  00000+0  13350-2 0  9997
2 56977  97.5239 132.7625 0013130 185.9999 174.1081 15.21835122 32440
LEMUR-2-MANO            
1 57390U 23100E   24012.70102349  .00010194  00000+0  79112-3 0  9992
2 57390  99.4873 181.5735 0014796  77.0045 283.2825 15.01545338 26773
LEMUR-2-DEVERILL-M-T    
1 57391U 23100F   24012.92648329  .00011390  00000+0  87728-3 0  9991
2 57391  99.4696 181.7675 0014186  76.8456 283.4345 15.01797762 26812
LEMUR-2-BASS            
1 58259U 23174D   24012.76291276  .00011041  00000+0  60437-3 0  9994
2 58259  97.4718  89.5550 0013756  72.5039 287.7695 15.14327604  9980
LEMUR-2-DILIGHTFUL      
1 58260U 23174E   24012.88099575  .00019138  00000+0  10221-2 0  9997
2 58260  97.4786  89.7562 0012890  71.7879 288.4756 15.15086593 10004
LEMUR-2-GOOD-VIBES      
1 58263U 23174H   24013.14785616  .00017865  00000+0  95852-3 0  9997
2 58263  97.4731  89.9690 0012395  73.1742 287.0849 15.14943067 10045
LEMUR-2-SANITA-VETRA    
1 58267U 23174M   24012.94092422  .00019460  00000+0  10338-2 0  9992
2 58267  97.4715  89.7691 0011932  72.9030 287.3508 15.15280466 10013
LEMUR-2-MARAPAMASM      
1 58332U 23174CE  24012.92864932  .00024873  00000+0  12399-2 0  9999
2 58332  97.4705  89.9285 0010725  37.6056 322.5926 15.17483668 10029
LEMUR-2-THE-CLEANER     
1 58333U 23174CF  24013.13629284  .00019493  00000+0  98730-3 0  9999
2 58333  97.4716  90.1181 0010664  35.4977 324.6964 15.16976879 10059
LEMUR-2-MANGO2A         
1 58335U 23174CH  24012.84497580  .00033241  00000+0  16163-2 0  9996
2 58335  97.4715  89.9045 0010502  37.3690 322.8272 15.18292249 10011
LEMUR-2-JK0903EM1407    
1 58336U 23174CJ  24012.75407743  .00011801  00000+0  61292-3 0  9991
2 58336  97.4715  89.7119 0010665  37.9321 322.2661 15.16206022  9992
LEMUR-2-MANGO2B         
1 58337U 23174CK  24012.84425208  .00030364  00000+0  14782-2 0  9994
2 58337  97.4770  89.9505 0011376  37.0675 323.1342 15.18261664 10014
LEMUR-2-MJR092620       
1 58340U 23174CN  24013.14408456  .00011829  00000+0  61143-3 0  9997
2 58340  97.4775  90.1578 0011894  33.9775 326.2217 15.16364392 10057
