ISS (ZARYA)             
1 25544U 98067A   24012.50266145  .00016211  00000+0  28836-3 0  9998
2 25544  51.6425  11.6924 0004122  27.6393 115.5939 15.50299019434259
ISS DEB                 
1 47853U 98067RZ  24013.14613514  .00140281  18623-4  39817-3 0  9993
2 47853  51.6260 295.0125 0002019 111.4610 248.6613 15.93103938161953
CSS (TIANHE)            
1 48274U 21035A   24013.16816226  .00045383  00000+0  49073-3 0  9996
2 48274  41.4700 316.2531 0004609 102.9686 257.1669 15.62778559154679
ISS (NAUKA)             
1 49044U 21066A   24012.50266145  .00016211  00000+0  28836-3 0  9994
2 49044  51.6425  11.6924 0004122  27.6393 115.5939 15.50299019434250
FREGAT DEB              
1 49271U 11037PF  24012.32352739 -.00000675  00000+0 -13431-2 0  9991
2 49271  51.6724  74.8933 0991493 153.7516 211.7259 12.11356041116163
CSS (WENTIAN)           
1 53239U 22085A   24012.33737643  .00042795  00000+0  46440-3 0  9991
2 53239  41.4702 321.3230 0004639  93.9969 266.1401 15.62707138154542
CSS (MENGTIAN)          
1 54216U 22143A   24012.33737643  .00042795  00000+0  46440-3 0  9992
2 54216  41.4702 321.3230 0004639  93.9969 266.1401 15.62707138154548
TIANZHOU-6              
1 56446U 23063A   24012.33737643  .00042795  00000+0  46440-3 0  9991
2 56446  41.4702 321.3230 0004639  93.9969 266.1401 15.62707138154545
ISS DEB                 
1 57212U 98067VP  24013.17376375  .00071326  00000+0  64588-3 0  9998
2 57212  51.6350 356.9637 0004600  92.6824 267.4698 15.67391122 31440
1998-067VR              
1 57313U 98067VR  24013.12758358  .00480217  10350-3  12410-2 0  9992
2 57313  51.6276 347.5395 0005471  92.8146 267.3487 15.94538164 29870
MOONLIGHTER             
1 57316U 98067VU  24013.17566574  .00376834  00000+0  18629-2 0  9991
2 57316  51.6312 350.1708 0005398 114.8979 245.2584 15.80443341 29835
PROGRESS-MS 24          
1 57691U 23125A   24012.50266145  .00016211  00000+0  28836-3 0  9999
2 57691  51.6425  11.6924 0004122  27.6393 115.5939 15.50299019434257
CREW DRAGON 7           
1 57697U 23128A   24012.50266145  .00016211  00000+0  28836-3 0  9998
2 57697  51.6425  11.6924 0004122  27.6393 115.5939 15.50299019434253
SOYUZ-MS 24             
1 57862U 23143A   24012.50266145  .00016211  00000+0  28836-3 0  9999
2 57862  51.6425  11.6924 0004122  27.6393 115.5939 15.50299019434257
SHENZHOU-17 (SZ-17)     
1 58146U 23164A   24012.33737643  .00042795  00000+0  46440-3 0  9992
2 58146  41.4702 321.3230 0004639  93.9969 266.1401 15.62707138154544
ISS DEB                 
1 58174U 98067WA  24012.24634258  .00122353  00000+0  13257-2 0  9993
2 58174  51.6383   9.5343 0006311  57.5055 302.6548 15.62628607 12245
ISS DEB                 
1 58229U 98067WC  24012.26018560  .00060419  00000+0  83312-3 0  9992
2 58229  51.6396  11.1336 0004008  54.5837 305.5529 15.56614801 11016
PROGRESS-MS 25          
1 58460U 23184A   24012.50266145  .00016211  00000+0  28836-3 0  9999
2 58460  51.6425  11.6924 0004122  27.6393 115.5939 15.50299019434252
BEAK                    
1 58612U 98067WD  24012.37373669  .00054911  00000+0  84471-3 0  9991
2 58612  51.6405  11.8885 0005897  71.5991 288.5640 15.53662521  3964
CLARK SAT-1 (AMBITIOUS) 
1 58613U 98067WE  24013.13420907  .00106399  00000+0  15206-2 0  9992
2 58613  51.6399   7.9680 0007515  92.7271 267.4581 15.55373848  4055
