SPACEBEE-7              
1 43816U 18099BL  23251.09346594  .00009020  00000+0  65881-3 0  9993
2 43816  97.5910 314.3528 0012334 167.7360 192.4168 15.03825279259766
SPACEBEE-5              
1 43817U 18099BM  23250.42959474  .00047114  00000+0  19491-2 0  9998
2 43817  97.5844 323.0228 0004995 162.8175 197.3232 15.23789475260195
SPACEBEE-6              
1 43818U 18099BN  23250.63270916  .00014128  00000+0  91601-3 0  9992
2 43818  97.5825 316.3417 0011892 184.6524 175.4596 15.08153264259983
SPACEBEE-62             
1 47429U 21006S   23251.09083914  .00047070  00000+0  12768-2 0  9995
2 47429  97.3775 311.5700 0010146 134.3910 225.8167 15.37422679145564
SPACEBEE-63             
1 47442U 21006AF  23250.56115169  .00029457  00000+0  99318-3 0  9995
2 47442  97.3818 306.8819 0005534 153.3693 206.7833 15.30664898145178
SPACEBEE-55             
1 47459U 21006AY  23250.61605971  .00035111  00000+0  10617-2 0  9992
2 47459  97.3735 308.3780 0009217 148.5684 211.6111 15.34091335145343
SPACEBEE-57             
1 47465U 21006BE  23250.91298000  .00034019  00000+0  11508-2 0  9999
2 47465  97.3757 306.4487 0005115 155.1879 204.9609 15.30529172145225
SPACEBEENZ-10           
1 48882U 21059D   23250.35679447  .00957799  40895-3  26101-2 0  9991
2 48882  97.5726  37.1690 0012582 280.5691  79.4166 15.94057197122504
SPACEBEE-100            
1 48883U 21059E   23250.36890831  .00046226  00000+0  12400-2 0  9996
2 48883  97.6018  29.6238 0004864 332.8811  27.2178 15.37813263121990
SPACEBEE-101            
1 48884U 21059F   23250.82537328  .00044344  00000+0  12302-2 0  9997
2 48884  97.6033  29.8168 0004705 336.2814  23.8212 15.36779029122045
SPACEBEE-102            
1 48886U 21059H   23250.34413608  .00043049  00000+0  11866-2 0  9995
2 48886  97.6028  29.3725 0004646 337.1108  22.9928 15.36987622121970
SPACEBEENZ-9            
1 48887U 21059J   23250.83156750  .01237985  77606-3  27914-2 0  9998
2 48887  97.5726  37.7364 0013070 284.1883  75.7941 15.97655279122585
SPACEBEE-103            
1 48888U 21059K   23250.61699900  .00047055  00000+0  12471-2 0  9992
2 48888  97.6036  30.1244 0004812 332.3319  27.7669 15.38182109122046
SPACEBEENZ-7            
1 48889U 21059L   23250.87544336  .02574117  85393-2  31846-2 0  9997
2 48889  97.5654  38.5107 0014657 287.1068  72.8609 16.09791069122627
SPACEBEE-104            
1 48890U 21059M   23250.33679589  .00046808  00000+0  12264-2 0  9990
2 48890  97.6024  29.8180 0004798 333.0763  27.0232 15.38538037122004
SPACEBEENZ-8            
1 48891U 21059N   23250.37252372  .00839580  29598-3  25876-2 0  9999
2 48891  97.5778  37.3753 0011861 282.2801  77.7144 15.91681161122502
SPACEBEE-106            
1 48893U 21059Q   23250.86037008  .00045327  00000+0  12494-2 0  9995
2 48893  97.6048  30.2873 0005115 337.1168  22.9847 15.36972822122060
SPACEBEE-107            
1 48894U 21059R   23250.33690654  .00048080  00000+0  12230-2 0  9997
2 48894  97.6052  30.5481 0005064 331.7347  28.3622 15.39438695122032
SPACEBEE-108            
1 48895U 21059S   23250.39097929  .00042488  00000+0  11688-2 0  9992
2 48895  97.6046  29.7957 0005389 336.9542  23.1459 15.37049436121992
SPACEBEE-105            
1 48896U 21059T   23250.38083076  .00046511  00000+0  12234-2 0  9999
2 48896  97.6032  29.7762 0005160 322.2636  37.8246 15.38416724122009
SPACEBEE-109            
1 48897U 21059U   23250.61763726  .00048800  00000+0  12635-2 0  9991
2 48897  97.6051  30.5959 0005250 331.4302  28.6654 15.38890525122063
SPACEBEE-110            
1 48899U 21059W   23250.62236590  .00048109  00000+0  12383-2 0  9990
2 48899  97.6049  30.9420 0005303 327.2200  32.8715 15.39074594122086
SPACEBEE-111            
1 48904U 21059AB  23250.39857942  .00053070  00000+0  12815-2 0  9994
2 48904  97.6055  31.4676 0005753 325.0536  35.0332 15.40995237122095
SPACEBEE-121            
1 52009U 22026B   23250.26319884  .00045753  00000+0  12160-2 0  9996
2 52009  97.5046 255.3221 0019730 139.1520 221.1208 15.37913647 82226
SPACEBEE-114            
1 52010U 22026C   23250.59451754  .00048673  00000+0  12504-2 0  9993
2 52010  97.5069 256.1172 0019107 137.7579 222.5142 15.38956628 82301
SPACEBEE-126            
1 52011U 22026D   23250.66449932  .00050874  00000+0  13051-2 0  9991
2 52011  97.5054 256.0780 0019351 135.8514 224.4279 15.38983952 82301
SPACEBEE-118            
1 52012U 22026E   23250.58976716  .00048851  00000+0  12324-2 0  9992
2 52012  97.5053 256.3654 0018570 138.7892 221.4759 15.39521340 82329
SPACEBEE-120            
1 52013U 22026F   23250.48042105  .00046896  00000+0  11980-2 0  9992
2 52013  97.5054 256.0017 0020142 134.3311 225.9589 15.39115948 82285
SPACEBEE-122            
1 52014U 22026G   23250.68270138  .00053980  00000+0  13516-2 0  9993
2 52014  97.5050 256.3452 0019109 135.3741 224.9047 15.39715372 82327
SPACEBEE-119            
1 52015U 22026H   23250.82463421  .00052477  00000+0  13783-2 0  9995
2 52015  97.5065 256.0780 0019875 137.5208 222.7579 15.38242416 82315
SPACEBEE-115            
1 52016U 22026J   23250.78102685  .00047838  00000+0  12699-2 0  9993
2 52016  97.5071 256.1716 0019652 137.0099 223.2685 15.37941470 82318
SPACEBEENZ-14           
1 52018U 22026L   23250.49002039  .00108811  00000+0  18312-2 0  9992
2 52018  97.4977 258.3820 0017285 128.5225 231.7580 15.51171719 82449
SPACEBEENZ-11           
1 52019U 22026M   23250.46984309  .00130339  00000+0  18877-2 0  9995
2 52019  97.4966 259.0002 0016618 128.2754 231.9998 15.55270409 82446
SPACEBEE-127            
1 52020U 22026N   23250.48959730  .00041229  00000+0  11304-2 0  9996
2 52020  97.5066 255.5585 0020086 138.4972 221.7802 15.36967518 82204
SPACEBEE-125            
1 52021U 22026P   23250.48474967  .00048242  00000+0  12102-2 0  9990
2 52021  97.5052 256.2821 0020360 136.0820 224.2048 15.39659877 82177
SPACEBEE-117            
1 52022U 22026Q   23250.82669238  .00048470  00000+0  13047-2 0  9998
2 52022  97.5073 256.1066 0020047 136.9388 223.3429 15.37500520 82183
SPACEBEE-116            
1 52023U 22026R   23251.00935431  .00053565  00000+0  14058-2 0  9995
2 52023  97.5075 256.4890 0019654 134.7021 225.5829 15.38264811 82220
SPACEBEE-113            
1 52024U 22026S   23250.78435854  .00053295  00000+0  13563-2 0  9994
2 52024  97.5057 256.4312 0020742 133.6342 226.6628 15.39188144 82206
SPACEBEE-112            
1 52025U 22026T   23250.82447057  .00079329  00000+0  17266-2 0  9998
2 52025  97.5041 257.4161 0018532 131.8118 228.4716 15.43829464 82275
SPACEBEENZ-13           
1 52026U 22026U   23250.48712935  .00117773  00000+0  19115-2 0  9992
2 52026  97.4966 258.5233 0017136 128.6402 231.6387 15.52158239 82233
SPACEBEE-123            
1 52027U 22026V   23250.82403686  .00050973  00000+0  13530-2 0  9994
2 52027  97.5058 255.9938 0019623 136.9324 223.3461 15.37929503 82096
SPACEBEENZ-12           
1 52028U 22026W   23250.46269330  .00086763  00000+0  16885-2 0  9993
2 52028  97.5093 257.9021 0017963 130.9343 229.3465 15.47091443 82264
SPACEBEE-124            
1 52029U 22026X   23250.83370882  .00050776  00000+0  13442-2 0  9991
2 52029  97.5051 255.9672 0019813 136.5030 223.7781 15.38008365 80819
SPACEBEE-136            
1 52164U 22033H   23250.21147176  .00305123  00000+0  18783-2 0  9991
2 52164  97.3303 337.6505 0007692 229.8231 130.2362 15.76311499 80332
SPACEBEE-138            
1 52166U 22033K   23251.04934054  .00352332  00000+0  22413-2 0  9993
2 52166  97.3355 338.5291 0007622 228.9802 131.0805 15.75428830 80451
SPACEBEE-130            
1 52176U 22033V   23251.03726615  .00419697  00000+0  23222-2 0  9992
2 52176  97.3323 338.7540 0007376 235.6987 124.3582 15.78432643 80458
SPACEBEE-139            
1 52177U 22033W   23250.19245383  .00221776  00000+0  17471-2 0  9995
2 52177  97.3372 336.9723 0007700 226.9957 133.0661 15.70746558 80277
SPACEBEE-129            
1 52179U 22033Y   23250.96517444  .00219875  00000+0  20251-2 0  9999
2 52179  97.3364 337.2033 0006406 222.8112 137.2650 15.66932491 80348
SPACEBEE-134            
1 52180U 22033Z   23250.47356135  .00190272  00000+0  18644-2 0  9997
2 52180  97.3335 336.2698 0006993 223.4328 136.6382 15.65466649 80263
SPACEBEE-131            
1 52181U 22033AA  23250.17447705  .00171895  00000+0  17149-2 0  9998
2 52181  97.3383 336.3110 0006422 223.3177 136.7578 15.65074052 80211
SPACEBEE-128            
1 52182U 22033AB  23250.17784492  .00205842  00000+0  17712-2 0  9992
2 52182  97.3401 336.7478 0006710 226.4020 133.6685 15.68654973 80253
SPACEBEE-133            
1 52183U 22033AC  23250.70835744  .00203879  00000+0  19586-2 0  9998
2 52183  97.3361 336.9630 0006996 222.7237 137.3480 15.65922539 80310
SPACEBEE-132            
1 52185U 22033AE  23250.19478802  .00280072  00000+0  18387-2 0  9999
2 52185  97.3350 337.5329 0007477 238.3020 121.7517 15.74896583 80317
SPACEBEE-137            
1 52186U 22033AF  23250.17160242  .00196866  00000+0  17916-2 0  9998
2 52186  97.3355 336.4664 0007321 224.2506 135.8170 15.67293425 80245
SPACEBEE-135            
1 52187U 22033AG  23250.66891462  .00284869  00000+0  19224-2 0  9993
2 52187  97.3369 338.0151 0007291 231.3644 128.6969 15.74243670 80384
SPACEBEE-143            
1 52394U 22047A   23250.85163045  .00038211  00000+0  12460-2 0  9991
2 52394  97.4167 334.4181 0006009  62.2909 297.8942 15.31685200 76326
SPACEBEENZ-15           
1 52395U 22047B   23250.47045514  .00075653  00000+0  17623-2 0  9997
2 52395  97.4141 336.2353 0003470  57.1770 302.9810 15.41989110 76418
SPACEBEENZ-16           
1 52396U 22047C   23250.80763006  .00081237  00000+0  18934-2 0  9999
2 52396  97.4138 336.5481 0003572  53.1922 306.9652 15.41948300 76467
SPACEBEENZ-17           
1 52397U 22047D   23250.72057485  .00081126  00000+0  19272-2 0  9991
2 52397  97.4139 336.3604 0003740  56.4944 303.6660 15.41373066 76443
SPACEBEENZ-18           
1 52398U 22047E   23250.45913588  .00078568  00000+0  18626-2 0  9995
2 52398  97.4135 336.0937 0003570  58.2115 301.9479 15.41446912 76403
SPACEBEE-140            
1 52399U 22047F   23250.19550023  .00043938  00000+0  12720-2 0  9990
2 52399  97.4163 334.6683 0005014  61.1272 299.0474 15.35444866 76309
SPACEBEE-141            
1 52400U 22047G   23251.07020275  .00040573  00000+0  13141-2 0  9992
2 52400  97.4171 334.7392 0005968  59.3272 300.8557 15.31889820 76364
SPACEBEE-142            
1 52401U 22047H   23250.95814086  .00039912  00000+0  13215-2 0  9997
2 52401  97.4159 334.3994 0006038  61.9906 298.1945 15.31182869 76333
SPACEBEENZ-20           
1 52402U 22047J   23250.17114343  .00064750  00000+0  15561-2 0  9995
2 52402  97.4126 335.6697 0004218  65.5553 294.6133 15.41092607 76351
SPACEBEENZ-22           
1 52403U 22047K   23250.85267689  .00072043  00000+0  18372-2 0  9990
2 52403  97.4134 335.9960 0004687  59.9298 300.2412 15.39249488 76431
SPACEBEENZ-19           
1 52404U 22047L   23250.20064492  .00067724  00000+0  16034-2 0  9990
2 52404  97.4135 335.8044 0004043  62.1185 298.0471 15.41532818 76368
SPACEBEENZ-21           
1 52405U 22047M   23250.67030108  .00075562  00000+0  18434-2 0  9994
2 52405  97.4134 336.0856 0004447  60.9866 299.1825 15.40588311 76422
SPACEBEE-148            
1 52406U 22047N   23250.69528935  .00046363  00000+0  13532-2 0  9998
2 52406  97.4158 335.0290 0005629  62.4521 297.7294 15.35172017 76350
SPACEBEE-149            
1 52407U 22047P   23250.21282535  .00035011  00000+0  11223-2 0  9993
2 52407  97.4155 333.8356 0006443  65.1850 295.0061 15.32251590 76238
SPACEBEE-153            
1 52408U 22047Q   23250.17018133  .00037364  00000+0  11708-2 0  9991
2 52408  97.4193 334.2564 0006634  75.1916 285.0061 15.32964687 76241
SPACEBEE-150            
1 52409U 22047R   23250.66504482  .00036954  00000+0  12089-2 0  9990
2 52409  97.4161 334.1697 0006558  64.5329 295.6590 15.31586023 76290
SPACEBEE-144            
1 52410U 22047S   23250.67849070  .00035035  00000+0  11529-2 0  9995
2 52410  97.4168 334.1917 0006131  64.3297 295.8577 15.31410197 76298
SPACEBEE-145            
1 52411U 22047T   23250.48507992  .00035424  00000+0  11633-2 0  9997
2 52411  97.4163 333.9778 0006066  64.4987 295.6881 15.31474692 76263
SPACEBEE-146            
1 52412U 22047U   23250.22316938  .00034298  00000+0  11183-2 0  9996
2 52412  97.4161 333.6976 0006047  66.4679 293.7197 15.31712393 76226
SPACEBEE-151            
1 52413U 22047V   23251.02425015  .00041969  00000+0  13794-2 0  9996
2 52413  97.4162 334.4432 0006604  64.2352 295.9570 15.31405409 76346
SPACEBEE-152            
1 52414U 22047W   23250.47893946  .00035001  00000+0  11623-2 0  9996
2 52414  97.4154 333.7788 0006650  66.3235 293.8704 15.31113324 76256
SPACEBEE-147            
1 52415U 22047X   23250.48256589  .00034127  00000+0  11395-2 0  9998
2 52415  97.4170 333.8463 0006201  66.8061 293.3833 15.30945046 76251
SPACEBEE-155            
1 52416U 22047Y   23250.69598465  .00035400  00000+0  12034-2 0  9990
2 52416  97.4142 333.5818 0007186  69.8668 290.3345 15.30349429 76260
SPACEBEE-154            
1 52417U 22047Z   23250.96543819  .00040904  00000+0  13645-2 0  9998
2 52417  97.4162 334.2129 0006671  66.4374 293.7567 15.30931357 76328
SPACEBEE-167            
1 55087U 23001CG  23250.80837769  .00020403  00000+0  88706-3 0  9991
2 55087  97.4690 310.1573 0014918  78.9760 281.3153 15.22202040 37654
SPACEBEE-163            
1 55089U 23001CJ  23250.80444718  .00022129  00000+0  93433-3 0  9991
2 55089  97.4679 310.2981 0014331  78.0009 282.2833 15.23187479 37668
SPACEBEE-164            
1 55091U 23001CL  23250.63412851  .00020637  00000+0  88540-3 0  9993
2 55091  97.4688 310.0742 0015133  78.9104 281.3833 15.22647702 37636
SPACEBEE-166            
1 55092U 23001CM  23250.40760361  .00024185  00000+0  99934-3 0  9992
2 55092  97.4674 310.0575 0016166  79.3756 280.9301 15.23872274 37619
SPACEBEE-165            
1 55094U 23001CP  23250.60108065  .00021064  00000+0  89466-3 0  9995
2 55094  97.4684 310.1098 0014282  78.7337 281.5503 15.22996489 37635
SPACEBEE-162            
1 55095U 23001CQ  23250.61598726  .00020586  00000+0  87853-3 0  9990
2 55095  97.4686 310.0982 0015288  78.2770 282.0180 15.22826221 37635
SPACEBEE-161            
1 55096U 23001CR  23251.13365212  .00023514  00000+0  99938-3 0  9992
2 55096  97.4687 310.6303 0015209  76.4256 283.8674 15.22938887 37710
SPACEBEE-160            
1 55097U 23001CS  23250.60140909  .00021117  00000+0  89736-3 0  9990
2 55097  97.4686 310.1133 0015297  78.1524 282.1428 15.22965971 37634
SPACEBEE-156            
1 55099U 23001CU  23251.11860363  .00025154  00000+0  10633-2 0  9996
2 55099  97.4686 310.6485 0015219  76.4851 283.8081 15.23109013 37719
SPACEBEE-158            
1 55100U 23001CV  23250.60920811  .00020232  00000+0  86420-3 0  9997
2 55100  97.4695 310.1175 0015882  78.4420 281.8599 15.22791610 37635
SPACEBEE-159            
1 55101U 23001CW  23251.13027182  .00025748  00000+0  10691-2 0  9999
2 55101  97.4687 310.7862 0016309  76.8079 283.4977 15.23693019 37726
SPACEBEE-157            
1 55102U 23001CX  23251.10033527  .00025584  00000+0  10549-2 0  9997
2 55102  97.4674 310.7882 0014763  78.6847 281.6048 15.23952939 37728
SPACEBEE-179            
1 56969U 23084AP  23250.27096605  .00017344  00000+0  89706-3 0  9990
2 56969  97.5197   5.8818 0013763 273.3894  86.5764 15.16233588 13081
SPACEBEE-177            
1 56972U 23084AS  23250.33054629  .00020074  00000+0  10311-2 0  9990
2 56972  97.5199   5.9603 0013952 273.2075  86.7562 15.16443092 13092
SPACEBEE-178            
1 56973U 23084AT  23250.26864857  .00016233  00000+0  84034-3 0  9991
2 56973  97.5208   5.8951 0014179 274.9884  84.9730 15.16211140 13080
SPACEBEE-176            
1 56975U 23084AV  23250.32972253  .00017769  00000+0  91470-3 0  9997
2 56975  97.5199   5.9598 0014101 272.4457  87.5161 15.16390636 13099
SPACEBEE-174            
1 56976U 23084AW  23250.32607767  .00018023  00000+0  92564-3 0  9992
2 56976  97.5202   5.9662 0014187 272.1976  87.7632 15.16469023 13096
SPACEBEE-173            
1 56978U 23084AY  23250.32388855  .00017949  00000+0  92059-3 0  9993
2 56978  97.5204   5.9707 0014384 272.0852  87.8734 15.16515039 13094
SPACEBEE-172            
1 56979U 23084AZ  23250.26179853  .00017765  00000+0  91414-3 0  9993
2 56979  97.5197   5.8979 0014569 273.1795  86.7771 15.16399151 13082
SPACEBEE-171            
1 56980U 23084BA  23250.32233853  .00017699  00000+0  90699-3 0  9993
2 56980  97.5204   5.9737 0014436 272.2513  87.7067 15.16547374 13099
SPACEBEE-169            
1 56982U 23084BC  23250.27135666  .00017914  00000+0  92809-3 0  9997
2 56982  97.5188   5.8791 0014775 272.6690  87.2852 15.16155909 13082
SPACEBEE-170            
1 56983U 23084BD  23251.04856006  .00020662  00000+0  10586-2 0  9997
2 56983  97.5206   6.6934 0013942 266.9652  92.9986 15.16527428 13205
SPACEBEE-168            
1 56984U 23084BE  23251.11213092  .00019159  00000+0  98061-3 0  9992
2 56984  97.5218   6.7792 0014639 269.9831  89.9724 15.16570105 13215
SPACEBEE-175            
1 56985U 23084BF  23250.57406855  .00017049  00000+0  86883-3 0  9998
2 56985  97.5206   6.2539 0015442 274.2539  85.6929 15.16737469 13133
