TDRS 3                  
1 19548U 88091B   23251.08313273 -.00000306  00000+0  00000+0 0  9991
2 19548  13.3814 347.9309 0034844 330.0179  10.0633  1.00271085115206
HST                     
1 20580U 90037B   23250.82526771  .00005037  00000+0  26048-3 0  9991
2 20580  28.4694  77.8619 0002178 185.1358 302.0469 15.13951046633996
TDRS 5                  
1 21639U 91054B   23251.03465528  .00000078  00000+0  00000+0 0  9999
2 21639  14.1970   1.2075 0022684 358.9269 191.9345  1.00275786117551
TDRS 6                  
1 22314U 93003B   23250.74505309 -.00000303  00000+0  00000+0 0  9997
2 22314  14.1539   4.4904 0012196 153.8992  50.5629  1.00270153112240
TDRS 7                  
1 23613U 95035B   23250.64610615 -.00000206  00000+0  00000+0 0  9995
2 23613  13.8004 355.2382 0026231  70.5359 237.8748  1.00266592103086
ISS (ZARYA)             
1 25544U 98067A   23251.18159780  .00010639  00000+0  19211-3 0  9997
2 25544  51.6416 277.3785 0005728  44.6857  64.3580 15.50292529414667
LANDSAT 7               
1 25682U 99020A   23251.12402038  .00000525  00000+0  11807-3 0  9997
2 25682  97.9237 285.8567 0001648 102.9366 321.0987 14.60214586297880
TERRA                   
1 25994U 99068A   23251.15986035  .00000592  00000+0  13488-3 0  9993
2 25994  98.0878 317.4701 0002595 138.2367 275.5102 14.59300444261886
TDRS 8                  
1 26388U 00034A   23250.60707699  .00000075  00000+0  00000+0 0  9990
2 26388  11.0799  39.3950 0002136 215.5399 138.7827  1.00308312 85019
TIMED                   
1 26998U 01055B   23251.03982687  .00001354  00000+0  14418-3 0  9994
2 26998  74.0703 107.1350 0002279 237.6153 122.4809 14.90019309179774
TDRS 9                  
1 27389U 02011A   23250.39836411 -.00000133  00000+0  00000+0 0  9996
2 27389   9.9860  56.4157 0007039  96.0720 266.2923  0.98981072 80253
AQUA                    
1 27424U 02022A   23251.11358118  .00001169  00000+0  26286-3 0  9999
2 27424  98.2916 195.2698 0000810  63.9337  66.0381 14.58293727135445
TDRS 10                 
1 27566U 02055A   23250.67564677  .00000077  00000+0  00000+0 0  9990
2 27566   9.0266  47.2813 0004649  13.6008 357.9024  1.00265830 76072
SORCE                   
1 27651U 03004A   23250.29610485  .00003222  00000+0  32078-3 0  9996
2 27651  39.9928 238.2217 0018983  19.7490 340.4032 14.92519318119782
AURA                    
1 28376U 04026A   23250.90029543  .00001150  00000+0  26187-3 0  9995
2 28376  98.2142 193.4725 0001077  83.6756 276.4565 14.57698894 18392
SWIFT                   
1 28485U 04047A   23251.08644145  .00010081  00000+0  54081-3 0  9997
2 28485  20.5574  36.4071 0008814 235.7103 124.2497 15.12097097 31324
THEMIS A                
1 30580U 07004A   23250.38168122 -.00000457  00000+0  96757-1 0  9991
2 30580  11.1127 291.8123 8324394 264.4373 180.1608  0.87833956 32366
THEMIS D                
1 30797U 07004D   23250.33111064 -.00000523  00000+0  00000+0 0  9997
2 30797   7.5845 280.7824 8286263 278.8529 150.9453  0.87834243 32162
THEMIS E                
1 30798U 07004E   23250.49529522 -.00000479  00000+0  00000+0 0  9997
2 30798   8.7045 300.0364 8290009 261.2591 220.5959  0.87832043 57002
AIM                     
1 31304U 07015A   23251.10056205  .00029756  00000+0  92001-3 0  9999
2 31304  97.8724 196.9790 0000997 198.1176 162.0029 15.33464212899376
FGRST (GLAST)           
1 33053U 08029A   23250.60593680  .00003290  00000+0  15747-3 0  9992
2 33053  25.5840 353.3485 0011026 332.4367  27.5584 15.14527822841729
WISE                    
1 36119U 09071A   23250.67153383  .00017605  00000+0  37764-3 0  9993
2 36119  97.1895 282.5768 0003721 114.4172 245.7466 15.44778610764242
TDRS 11                 
1 39070U 13004A   23251.02827184  .00000070  00000+0  00000+0 0  9997
2 39070   2.6952   1.0768 0004881  76.1539 105.5185  1.00277582 38827
TDRS 12                 
1 39504U 14004A   23251.08313273 -.00000277  00000+0  00000+0 0  9995
2 39504   3.5889 356.5145 0005390 183.1089 155.9910  1.00280184 35284
GPM-CORE                
1 39574U 14009C   23250.84458680  .00020096  00000+0  27976-3 0  9997
2 39574  64.9916 104.8709 0009930 267.2766  92.7245 15.56954675541227
MMS 1                   
1 40482U 15011A   23251.25002315 -.00002967  00000+0  00000+0 0  9990
2 40482  31.5907  46.6558 9206564 113.7048 334.8803  0.28529205 14574
MMS 2                   
1 40483U 15011B   23251.25002315 -.00002968  00000+0  00000+0 0  9992
2 40483  31.5918  46.6503 9208111 113.7121 334.8451  0.28538785 14559
MMS 3                   
1 40484U 15011C   23251.25002315 -.00002967  00000+0  00000+0 0  9992
2 40484  31.5952  46.6566 9206305 113.7069 334.8364  0.28532284 14552
MMS 4                   
1 40485U 15011D   23251.25002315 -.00002966  00000+0  00000+0 0  9992
2 40485  31.5795  46.6532 9206668 113.7121 334.8369  0.28542985 14556
TDRS 13                 
1 42915U 17047A   23250.42084456 -.00000107  00000+0  00000+0 0  9992
2 42915   3.9107 339.1679 0016834 127.9619  19.1306  1.00272009 22216
JPSS-1                  
1 43013U 17073A   23251.08287310  .00000120  00000+0  77372-4 0  9993
2 43013  98.7148 188.2405 0000775  99.7215 260.4049 14.19560797300737
