NOAA 15                 
1 25338U 98030A   23250.02006289  .00000228  00000+0  11285-3 0  9991
2 25338  98.6020 277.6625 0011471  77.1035 283.1426 14.26384050316920
DMSP 5D-3 F15 (USA 147) 
1 25991U 99067A   23249.92729381  .00000250  00000+0  14794-3 0  9992
2 25991  99.0734 254.8021 0010170   9.0790 111.5047 14.16788866226987
DMSP 5D-3 F16 (USA 172) 
1 28054U 03048A   23250.10808200  .00000210  00000+0  13464-3 0  9998
2 28054  99.0169 249.0166 0008075 129.6750 310.8805 14.13842577 26132
NOAA 18                 
1 28654U 05018A   23250.06653895  .00000275  00000+0  17117-3 0  9996
2 28654  98.9045 324.0441 0014994 145.3419 214.8732 14.13000306943139
METEOSAT-9 (MSG-2)      
1 28912U 05049B   23249.81438137  .00000114  00000+0  00000+0 0  9999
2 28912   7.0295  63.1322 0002639 182.1853  79.2658  1.00276594 64878
EWS-G1 (GOES 13)        
1 29155U 06018A   23250.06438163  .00000026  00000+0  00000+0 0  9996
2 29155   1.7185  90.5995 0004974 120.0815 219.7134  1.00274447 63346
DMSP 5D-3 F17 (USA 191) 
1 29522U 06050A   23250.01693910  .00000226  00000+0  14095-3 0  9993
2 29522  98.7545 261.3886 0011112  72.0988 288.1396 14.14284115869027
FENGYUN 3A              
1 32958U 08026A   23249.87048734  .00000182  00000+0  10738-3 0  9996
2 32958  98.5617 200.8594 0008831 165.7979 194.3448 14.18910980791648
FENGYUN 2E              
1 33463U 08066A   23249.98799501 -.00000210  00000+0  00000+0 0  9999
2 33463   6.9022  62.3980 0001355 186.0057 179.3121  1.00263198 53922
NOAA 19                 
1 33591U 09005A   23250.12135705  .00000233  00000+0  14993-3 0  9997
2 33591  99.0927 297.3310 0014002  16.7634 343.3998 14.12815904751511
GOES 14                 
1 35491U 09033A   23250.04316641 -.00000077  00000+0  00000+0 0  9997
2 35491   0.4300 265.8551 0004165 225.1173 121.8538  1.00272247 51986
DMSP 5D-3 F18 (USA 210) 
1 35951U 09057A   23250.08470575  .00000372  00000+0  21950-3 0  9993
2 35951  98.7757 224.8944 0009871 254.7053 105.3029 14.13841626716215
GOES 15                 
1 36411U 10008A   23249.82624912 -.00000367  00000+0  00000+0 0  9993
2 36411   0.4062 275.2121 0004380 305.9568 184.5046  0.99982187 49475
COMS 1                  
1 36744U 10032A   23249.82063094 -.00000357  00000+0  00000+0 0  9996
2 36744   2.2142  87.8823 0000977 111.7095 209.6117  1.00271327 40913
FENGYUN 3B              
1 37214U 10059A   23250.12472407  .00000117  00000+0  85100-4 0  9997
2 37214  99.0830 268.8750 0022345 172.3788 266.7782 14.14372113664096
SUOMI NPP               
1 37849U 11061A   23250.08599723  .00000121  00000+0  77789-4 0  9990
2 37849  98.7068 187.4210 0001479  69.3749  58.2496 14.19562956614556
FENGYUN 2F              
1 38049U 12002A   23249.86358764 -.00000369  00000+0  00000+0 0  9993
2 38049   4.8860  75.9053 0001903  82.4489 250.1392  1.00279389 42703
METEOSAT-10 (MSG-3)     
1 38552U 12035B   23249.70649038 -.00000019  00000+0  00000+0 0  9990
2 38552   2.3403  57.3945 0000328  51.3437 131.1369  1.00264901 40681
METOP-B                 
1 38771U 12049A   23250.09272300  .00000146  00000+0  86524-4 0  9996
2 38771  98.6713 308.0698 0001316 104.4638 285.4256 14.21510393569183
FENGYUN 3C              
1 39260U 13052A   23250.06551739  .00000160  00000+0  10139-3 0  9992
2 39260  98.4295 259.8277 0012252  69.3141 290.9346 14.16071821515123
METEOR-M 2              
1 40069U 14037A   23250.03191950  .00000056  00000+0  45082-4 0  9997
2 40069  98.4270 252.2146 0006969 101.8866 258.3093 14.20808861475276
HIMAWARI-8              
1 40267U 14060A   23249.90327029 -.00000287  00000+0  00000+0 0  9998
2 40267   0.0245 253.0143 0000802 288.5229 270.0065  1.00271259 32581
FENGYUN 2G              
1 40367U 14090A   23249.91716124 -.00000316  00000+0  00000+0 0  9994
2 40367   3.0598  84.7900 0000688 165.7091 165.0685  1.00278158 31823
METEOSAT-11 (MSG-4)     
1 40732U 15034A   23249.70840487  .00000053  00000+0  00000+0 0  9993
2 40732   0.7375  53.1532 0000383 347.3390 209.4830  1.00278590 29843
ELEKTRO-L 2             
1 41105U 15074A   23249.91855005 -.00000129  00000+0  00000+0 0  9992
2 41105   4.1127  82.8600 0002835 136.1079  82.9240  1.00271082 28340
HIMAWARI-9              
1 41836U 16064A   23249.90327029 -.00000286  00000+0  00000+0 0  9996
2 41836   0.0163 183.0510 0001076   5.5223 263.0894  1.00272283 25029
GOES 16                 
1 41866U 16071A   23249.54818765 -.00000259  00000+0  00000+0 0  9999
2 41866   0.0803 283.3541 0000776 306.7994 237.3542  1.00271446 24931
FENGYUN 4A              
1 41882U 16077A   23249.85345999 -.00000342  00000+0  00000+0 0  9994
2 41882   0.1887  81.9200 0001767  60.1045 255.6071  1.00274185 24758
CYGFM05                 
1 41884U 16078A   23249.56536933  .00005793  00000+0  25442-3 0  9990
2 41884  34.9545 294.6147 0013313 138.8492 221.3227 15.21191484372632
CYGFM04                 
1 41885U 16078B   23249.77203341  .00006359  00000+0  27329-3 0  9993
2 41885  34.9475 279.7902 0012206 163.7958 196.3147 15.21916025372731
CYGFM02                 
1 41886U 16078C   23249.49154840  .00005833  00000+0  25102-3 0  9995
2 41886  34.9572 283.9422 0012753 153.0782 207.0595 15.21886327372770
CYGFM01                 
1 41887U 16078D   23249.82601276  .00006249  00000+0  27618-3 0  9999
2 41887  34.9512 296.1605 0013723 140.0129 220.1597 15.20956735372614
CYGFM08                 
1 41888U 16078E   23250.11685678  .00006639  00000+0  28813-3 0  9993
2 41888  34.9482 284.6532 0013126 158.6835 201.4427 15.21563890372844
CYGFM07                 
1 41890U 16078G   23249.77921411  .00006574  00000+0  28188-3 0  9997
2 41890  34.9497 279.3487 0011710 161.4113 198.7030 15.21996958372743
CYGFM03                 
1 41891U 16078H   23249.47199460  .00006115  00000+0  26374-3 0  9992
2 41891  34.9533 282.1861 0011175 155.4263 204.6984 15.21815927372838
FENGYUN 3D              
1 43010U 17072A   23250.05856365  .00000145  00000+0  90697-4 0  9999
2 43010  98.8673 198.7213 0002635  75.0930 285.0537 14.19199872301119
NOAA 20                 
1 43013U 17073A   23250.09609662  .00000122  00000+0  78705-4 0  9994
2 43013  98.7147 187.2693 0000758  98.5251 261.6011 14.19560572300599
GOES 17                 
1 43226U 18022A   23250.04394962 -.00000102  00000+0  00000+0 0  9991
2 43226   0.0144 285.2906 0001987 241.9964  89.6927  1.00272045 20262
FENGYUN 2H              
1 43491U 18050A   23249.72224147 -.00000140  00000+0  00000+0 0  9998
2 43491   2.2827  89.9020 0003434  97.3154 137.5357  1.00271270 19264
METOP-C                 
1 43689U 18087A   23250.12389885  .00000146  00000+0  86786-4 0  9999
2 43689  98.6759 308.2790 0002808 164.4816 195.6448 14.21513218250768
GEO-KOMPSAT-2A          
1 43823U 18100A   23250.03174521 -.00000355  00000+0  00000+0 0  9997
2 43823   0.0298  19.6242 0001476 110.1674 355.7495  1.00271101 17495
METEOR-M2 2             
1 44387U 19038A   23250.11154180  .00000072  00000+0  50973-4 0  9996
2 44387  98.7840 213.8805 0002412  73.1124 287.0319 14.23802894216963
FENGYUN 3E              
1 49008U 21062A   23250.04801056  .00000043  00000+0  41121-4 0  9997
2 49008  98.7261 250.2738 0002540 112.2314 247.9132 14.19695027112677
GOES 18                 
1 51850U 22021A   23250.03750995  .00000085  00000+0  00000+0 0  9997
2 51850   0.0141  20.6385 0000384 184.9725  16.7360  1.00271778  5632
NOAA 21 (JPSS-2)        
1 54234U 22150A   23249.82984757  .00000123  00000+0  79139-4 0  9996
2 54234  98.7185 186.5123 0001171 108.7326 251.3977 14.19543337 42630
METEOSAT-12             
1 54743U 22170C   23249.70588123 -.00000041  00000+0  00000+0 0  9993
2 54743   0.5587 318.4028 0002226 198.4289  79.6162  1.00266514  2805
METEOR-M2 3             
1 57166U 23091A   23250.08036355  .00000004  00000+0  21005-4 0  9997
2 57166  98.7579 301.6666 0003238 220.3616 139.7322 14.23841071 10195
FENGYUN 3F              
1 57490U 23111A   23250.08012200  .00000083  00000+0  60289-4 0  9997
2 57490  98.8079 316.3257 0001398 132.9500 227.1794 14.19702001  4962
