APRIZESAT 2             
1 28366U 04025A   23250.81967309  .00000226  00000+0  84232-4 0  9993
2 28366  98.1076 100.6557 0108400  68.6186 292.6527 14.37061627  6040
SAUDICOMSAT 1           
1 28369U 04025D   23250.34154008  .00000605  00000+0  15602-3 0  9993
2 28369  98.5004 221.5930 0031920 246.3838 113.4006 14.53397337 16745
SAUDICOMSAT 2           
1 28370U 04025E   23250.37162602  .00000578  00000+0  16421-3 0  9996
2 28370  98.5924 221.7624 0058437  88.5329 272.2556 14.48207449 13269
APRIZESAT 1             
1 28372U 04025G   23250.41646863  .00000552  00000+0  15228-3 0  9995
2 28372  98.5538 221.5139 0045690 358.1351   1.9665 14.50245412 14881
NANOSAT-1               
1 28493U 04049B   23250.29820517  .00001430  00000+0  21930-3 0  9994
2 28493  98.1286 357.0433 0003320 317.0206  43.0743 14.75211063  5695
SAUDICOMSAT 7           
1 31119U 07012C   23250.81386841  .00000869  00000+0  17521-3 0  9997
2 31119  98.2349 199.1212 0059890 129.9929 230.6553 14.62923841874091
SAUDICOMSAT 6           
1 31121U 07012E   23250.66041061  .00000686  00000+0  14908-3 0  9998
2 31121  98.2704 194.0440 0074018 241.3146 118.0599 14.59649346872161
SAUDICOMSAT 5           
1 31124U 07012H   23250.68697909  .00001073  00000+0  20699-3 0  9996
2 31124  98.2052 200.1875 0051897  73.2073 287.4814 14.64714147875030
SAUDICOMSAT 3           
1 31125U 07012J   23250.65002448  .00001361  00000+0  25032-3 0  9998
2 31125  98.1718 201.1492 0042665  15.9605 344.2932 14.66684748876031
SAUDICOMSAT 4           
1 31127U 07012L   23250.38683195  .00000669  00000+0  14091-3 0  9997
2 31127  98.2560 197.1859 0066586 183.4225 176.6530 14.61416779873138
APRIZESAT 4             
1 35684U 09041D   23251.06221478  .00001002  00000+0  13603-3 0  9991
2 35684  98.2790 284.5189 0045853 356.2921   3.7943 14.80548778761320
APRIZESAT 3             
1 35686U 09041F   23250.76869284  .00002961  00000+0  30290-3 0  9998
2 35686  98.1017 352.5044 0070424 161.8777 198.4974 14.89524378765150
AISSAT 1                
1 36797U 10035C   23251.10889947  .00002500  00000+0  27101-3 0  9990
2 36797  98.2204  96.9916 0011236 145.9111 214.2828 14.89135858713149
S-NET D                 
1 43186U 18014G   23250.59276287  .00003699  00000+0  29344-3 0  9995
2 43186  97.6146 152.8065 0012077 257.4952 102.4921 15.01072967305910
S-NET B                 
1 43187U 18014H   23250.59417791  .00003715  00000+0  29470-3 0  9992
2 43187  97.6149 152.7336 0012488 255.9605 104.0231 15.01069351305913
S-NET A                 
1 43188U 18014J   23250.59415684  .00003693  00000+0  29294-3 0  9991
2 43188  97.6153 152.8271 0012467 255.9751 104.0087 15.01071847305919
S-NET C                 
1 43189U 18014K   23250.66349427  .00003775  00000+0  29935-3 0  9994
2 43189  97.6160 152.7818 0013119 251.5500 108.4299 15.01067909304470
SALSAT                  
1 46495U 20068K   23251.05677724  .00005271  00000+0  34100-3 0  9990
2 46495  97.7756 200.0079 0014717 190.6606 169.4312 15.08544630161568
